Number of states: 800
Sparse Hamiltonian computation time: 0 seconds 0 milliseconds
Time to set up matrix: 0 seconds 0 milliseconds
Diagonalization time: 18 seconds 0 milliseconds
Vab = 400.000000
w = 100.000000
b = 1.000000
E    Isym    Iasym
-355.857050 0.000000 0.601265
-268.807743 0.005703 0.000000
-255.857050 0.000000 0.300632
-181.115706 0.000000 0.001746
-168.807743 0.002852 0.000000
-155.857050 0.000000 0.075158
-92.882804 0.000080 0.000000
-81.115706 0.000000 0.000873
-68.807743 0.000713 0.000000
-55.857050 0.000000 0.012526
-4.184298 0.000000 0.000011
7.117196 0.000040 0.000000
18.884294 0.000000 0.000218
31.192257 0.000119 0.000000
44.142950 0.000000 0.001566
84.921761 0.000002 0.000000
95.815702 0.000000 0.000006
107.117196 0.000010 0.000000
118.884294 0.000000 0.000036
131.192257 0.000015 0.000000
144.142950 0.000000 0.000157
174.389222 0.000000 0.000000
184.921761 0.000001 0.000000
195.815702 0.000000 0.000001
207.117196 0.000002 0.000000
218.884294 0.000000 0.000005
231.192257 0.000001 0.000000
244.142950 0.000000 0.000013
264.180537 0.000000 0.000000
274.389222 0.000000 0.000000
284.921761 0.000000 0.000000
295.815702 0.000000 0.000000
307.117196 0.000000 0.000000
318.884294 0.000000 0.000000
331.192257 0.000000 0.000000
344.142950 0.000000 0.000001
354.264585 0.000000 0.000000
364.180538 0.000000 0.000000
374.389225 0.000000 0.000000
384.921766 0.000000 0.000000
395.815709 0.000000 0.000000
407.117201 0.000000 0.000000
418.884297 0.000000 0.000000
431.192258 0.000000 0.000000
444.142950 0.000000 0.000000
444.615161 0.000001 0.000000
454.264596 0.000000 0.000000
456.649216 0.600073 0.000000
464.180577 0.000000 0.000000
474.389307 0.000000 0.000000
484.921882 0.000000 0.000000
495.815824 0.000000 0.000000
507.117281 0.000000 0.000000
518.884334 0.000000 0.000000
531.192268 0.000000 0.000000
535.209975 0.000000 0.000000
544.142952 0.000000 0.000000
544.615269 0.000001 0.000000
554.264999 0.000000 0.000000
556.649216 0.300037 0.000000
564.181508 0.000000 0.000000
568.146986 0.000000 0.003501
574.390785 0.000000 0.000000
584.923571 0.000000 0.000000
595.817233 0.000000 0.000000
607.118130 0.000000 0.000000
618.884689 0.000000 0.000000
626.029847 0.000000 0.000000
631.192360 0.000000 0.000000
635.210810 0.000000 0.000000
644.142963 0.000000 0.000000
644.618525 0.000000 0.000000
654.272966 0.000000 0.000000
656.649216 0.075009 0.000000
664.195176 0.000000 0.000000
668.146986 0.000000 0.001750
674.408131 0.000000 0.000000
679.241650 0.000670 0.000000
684.940246 0.000000 0.000000
695.829402 0.000000 0.000000
707.124742 0.000000 0.000000
717.058408 0.000000 0.000000
718.887235 0.000000 0.000000
726.034942 0.000000 0.000000
731.192985 0.000000 0.000000
735.230909 0.000000 0.000000
744.143037 0.000000 0.000000
744.668980 0.000000 0.000000
754.363542 0.000000 0.000000
756.649216 0.012502 0.000000
764.318647 0.000000 0.000000
768.146987 0.000000 0.000438
774.539916 0.000000 0.000000
779.241650 0.000335 0.000000
785.051502 0.000000 0.000000
789.975451 0.000000 0.000007
795.903140 0.000000 0.000000
807.162099 0.000000 0.000000
808.282460 0.000000 0.000000
817.082651 0.000000 0.000000
818.900933 0.000000 0.000000
826.128263 0.000000 0.000000
831.196236 0.000000 0.000000
835.461965 0.000000 0.000000
844.143413 0.000000 0.000000
845.086459 0.000000 0.000000
854.953984 0.000000 0.000000
856.649216 0.001563 0.000000
864.998056 0.000000 0.000000
868.146987 0.000000 0.000073
875.185475 0.000000 0.000000
879.241651 0.000084 0.000000
885.555858 0.000000 0.000000
889.975451 0.000000 0.000004
896.220908 0.000000 0.000000
899.693682 0.000000 0.000000
900.383522 0.000001 0.000000
907.318077 0.000000 0.000000
908.372144 0.000000 0.000000
917.404887 0.000000 0.000000
918.957158 0.000000 0.000000
926.878663 0.000000 0.000000
931.209512 0.000000 0.000000
936.764594 0.000000 0.000000
944.144954 0.000000 0.000000
946.922186 0.000000 0.000000
956.649220 0.000156 0.000000
957.167563 0.000000 0.000000
967.336206 0.000000 0.000000
968.146990 0.000000 0.000009
977.337039 0.000000 0.000000
979.241653 0.000014 0.000000
987.230717 0.000000 0.000000
989.975453 0.000000 0.000001
991.291715 0.000000 0.000000
997.279546 0.000000 0.000000
999.955033 0.000000 0.000000
1000.383524 0.000000 0.000000
1007.837720 0.000000 0.000000
1009.216948 0.000000 0.000000
1010.495458 0.000000 0.000000
1019.127062 0.000000 0.000000
1019.205213 0.000000 0.000000
1029.744090 0.000000 0.000000
1031.254755 0.000000 0.000000
1040.631899 0.000000 0.000000
1044.150307 0.000000 0.000000
1051.587147 0.000000 0.000000
1056.649235 0.000013 0.000000
1062.389591 0.000000 0.000000
1068.147004 0.000000 0.000001
1072.844833 0.000000 0.000000
1079.241665 0.000002 0.000000
1082.733359 0.000000 0.000000
1083.087807 0.000000 0.000000
1089.975461 0.000000 0.000000
1091.830401 0.000000 0.000000
1091.933787 0.000000 0.000000
1100.383531 0.000000 0.000000
1100.429950 0.000000 0.000000
1101.726360 0.000000 0.000000
1109.423809 0.000000 0.000000
1110.495466 0.000000 0.000000
1112.562089 0.000000 0.000000
1119.709222 0.000000 0.000000
1120.336421 0.000000 0.000000
1124.127026 0.000000 0.000000
1131.386987 0.000000 0.000000
1136.049418 0.000000 0.000000
1144.166044 0.000000 0.000000
1148.028477 0.000000 0.000000
1156.649166 0.000001 0.000000
1159.838899 0.000000 0.000000
1168.146934 0.000000 0.000000
1171.288623 0.000000 0.000000
1175.102188 0.000000 0.000000
1179.241636 0.000000 0.000000
1182.201147 0.000000 0.000000
1184.335733 0.000000 0.000000
1189.975468 0.000000 0.000000
1192.481787 0.000000 0.000000
1195.054974 0.000000 0.000000
1200.383557 0.000000 0.000000
1202.018382 0.000000 0.000000
1207.078583 0.000000 0.000000
1209.773845 0.000000 0.000000
1210.495574 0.000000 0.000000
1215.204864 0.000000 0.000000
1219.891404 0.000000 0.000000
1220.337022 0.000000 0.000000
1221.688197 0.000000 0.000000
1229.927825 0.000000 0.000000
1231.782605 0.000000 0.000000
1233.038511 0.000000 0.000000
1244.210161 0.000000 0.000000
1246.207381 0.000000 0.000000
1256.649208 0.000000 0.000000
1259.177742 0.000000 0.000000
1267.370734 0.000000 0.000000
1268.146977 0.000000 0.000000
1271.761232 0.000000 0.000000
1277.329034 0.000000 0.000000
1279.241685 0.000000 0.000000
1283.802147 0.000000 0.000000
1289.318505 0.000000 0.000000
1289.975497 0.000000 0.000000
1295.170053 0.000000 0.000000
1300.383422 0.000000 0.000000
1302.792750 0.000000 0.000000
1305.455963 0.000000 0.000000
1310.495311 0.000000 0.000000
1314.053381 0.000000 0.000000
1317.026422 0.000000 0.000000
1320.336496 0.000000 0.000000
1322.055424 0.000000 0.000000
1329.928149 0.000000 0.000000
1331.503910 0.000000 0.000000
1331.811915 0.000000 0.000000
1338.913714 0.000000 0.000000
1339.222692 0.000000 0.000000
1339.287256 0.000000 0.000000
1344.372442 0.000000 0.000000
1345.985885 0.000000 0.000000
1356.649179 0.000000 0.000000
1359.936381 0.000000 0.000000
1360.189633 0.000000 0.000000
1368.146994 0.000000 0.000000
1370.991534 0.000000 0.000000
1373.951365 0.000000 0.000000
1379.241646 0.000000 0.000000
1384.579033 0.000000 0.000000
1387.118518 0.000000 0.000000
1389.975460 0.000000 0.000000
1399.205880 0.000000 0.000000
1399.913910 0.000000 0.000000
1400.383520 0.000000 0.000000
1410.323031 0.000000 0.000000
1410.495406 0.000000 0.000000
1415.561002 0.000000 0.000000
1420.274351 0.000000 0.000000
1420.337358 0.000000 0.000000
1429.924191 0.000000 0.000000
1430.660278 0.000000 0.000000
1431.509532 0.000000 0.000000
1438.954703 0.000000 0.000000
1439.288527 0.000000 0.000000
1440.291637 0.000000 0.000000
1444.831673 0.000000 0.000000
1447.326518 0.000000 0.000000
1448.409501 0.000000 0.000000
1452.886414 0.000000 0.000000
1456.649203 0.000000 0.000000
1462.799378 0.000000 0.000000
1465.471073 0.000000 0.000000
1468.146972 0.000000 0.000000
1477.732097 0.000000 0.000000
1479.241672 0.000000 0.000000
1481.034193 0.000000 0.000000
1484.905308 0.000000 0.000000
1484.905471 0.000000 0.000000
1489.975518 0.000000 0.000000
1491.900400 0.000000 0.000000
1498.033273 0.000000 0.000000
1500.383652 0.000000 0.000000
1504.949839 0.000000 0.000000
1510.495340 0.000000 0.000000
1515.459385 0.000000 0.000000
1516.886224 0.000000 0.000000
1520.336168 0.000000 0.000000
1528.363596 0.000000 0.000000
1529.928480 0.000000 0.000000
1533.025199 0.000000 0.000000
1538.129646 0.000000 0.000000
1539.292300 0.000000 0.000000
1541.185793 0.000000 0.000000
1545.565802 0.000000 0.000000
1546.203860 0.000000 0.000000
1548.428353 0.000000 0.000000
1550.261824 0.000000 0.000000
1556.649197 0.000000 0.000000
1557.407806 0.000000 0.000000
1560.925734 0.000000 0.000000
1567.014153 0.000000 0.000000
1568.146991 0.000000 0.000000
1578.780118 0.000000 0.000000
1579.241623 0.000000 0.000000
1583.072183 0.000000 0.000000
1583.576573 0.000000 0.000000
1583.578662 0.000000 0.000000
1589.975526 0.000000 0.000000
1597.808704 0.000000 0.000000
1598.125499 0.000000 0.000000
1600.383516 0.000000 0.000000
1610.495354 0.000000 0.000000
1611.975070 0.000000 0.000000
1617.058931 0.000000 0.000000
1620.336518 0.000000 0.000000
1625.047513 0.000000 0.000000
1629.927384 0.000000 0.000000
1636.087918 0.000000 0.000000
1636.470748 0.000000 0.000000
1639.287476 0.000000 0.000000
1640.151410 0.000000 0.000000
1641.593985 0.000000 0.000000
1646.321902 0.000000 0.000000
1648.444536 0.000000 0.000000
1654.828868 0.000000 0.000000
1656.649198 0.000000 0.000000
1657.119222 0.000000 0.000000
1657.835350 0.000000 0.000000
1659.559997 0.000000 0.000000
1659.560073 0.000000 0.000000
1666.164029 0.000000 0.000000
1668.147014 0.000000 0.000000
1672.857091 0.000000 0.000000
1678.017595 0.000000 0.000000
1679.241615 0.000000 0.000000
1682.212312 0.000000 0.000000
1682.213648 0.000000 0.000000
1689.946847 0.000000 0.000000
1689.975499 0.000000 0.000000
1699.192834 0.000000 0.000000
1700.383835 0.000000 0.000000
1705.832003 0.000000 0.000000
1710.495458 0.000000 0.000000
1720.290104 0.000000 0.000000
1720.336180 0.000000 0.000000
1720.667474 0.000000 0.000000
1729.927556 0.000000 0.000000
1733.838464 0.000000 0.000000
1734.867996 0.000000 0.000000
1739.285890 0.000000 0.000000
1741.020210 0.000000 0.000000
1741.375374 0.000000 0.000000
1746.870174 0.000000 0.000000
1748.435152 0.000000 0.000000
1755.643157 0.000000 0.000000
1756.649099 0.000000 0.000000
1757.392338 0.000000 0.000000
1757.782060 0.000000 0.000000
1757.784388 0.000000 0.000000
1761.147845 0.000000 0.000000
1766.174317 0.000000 0.000000
1768.147022 0.000000 0.000000
1774.749522 0.000000 0.000000
1778.796804 0.000000 0.000000
1779.241659 0.000000 0.000000
1780.499214 0.000000 0.000000
1780.814382 0.000000 0.000000
1780.827858 0.000000 0.000000
1789.975475 0.000000 0.000000
1798.332370 0.000000 0.000000
1800.383524 0.000000 0.000000
1802.399080 0.000000 0.000000
1810.495445 0.000000 0.000000
1815.191589 0.000000 0.000000
1820.336478 0.000000 0.000000
1825.348451 0.000000 0.000000
1829.925329 0.000000 0.000000
1830.370876 0.000000 0.000000
1830.720246 0.000000 0.000000
1839.286127 0.000000 0.000000
1840.430269 0.000000 0.000000
1847.105295 0.000000 0.000000
1847.733996 0.000000 0.000000
1848.445036 0.000000 0.000000
1855.467334 0.000000 0.000000
1855.953702 0.000000 0.000000
1855.965584 0.000000 0.000000
1856.649221 0.000000 0.000000
1857.436091 0.000000 0.000000
1866.160722 0.000000 0.000000
1868.146969 0.000000 0.000000
1869.283054 0.000000 0.000000
1874.759810 0.000000 0.000000
1879.239514 0.000000 0.000000
1879.365880 0.000000 0.000000
1879.379992 0.000000 0.000000
1881.664859 0.000000 0.000000
1883.191543 0.000000 0.000000
1889.686997 0.000000 0.000000
1889.975633 0.000000 0.000000
1900.383459 0.000000 0.000000
1906.998212 0.000000 0.000000
1908.986883 0.000000 0.000000
1910.495249 0.000000 0.000000
1920.335608 0.000000 0.000000
1925.892614 0.000000 0.000000
1928.236772 0.000000 0.000000
1929.926081 0.000000 0.000000
1932.396810 0.000000 0.000000
1938.674697 0.000000 0.000000
1939.295864 0.000000 0.000000
1946.982134 0.000000 0.000000
1948.426613 0.000000 0.000000
1954.080233 0.000000 0.000000
1954.107414 0.000000 0.000000
1956.414558 0.000000 0.000000
1956.649392 0.000000 0.000000
1957.419939 0.000000 0.000000
1957.457217 0.000000 0.000000
1966.166464 0.000000 0.000000
1968.146800 0.000000 0.000000
1974.747779 0.000000 0.000000
1977.862952 0.000000 0.000000
1977.904941 0.000000 0.000000
1979.240935 0.000000 0.000000
1979.326713 0.000000 0.000000
1983.186856 0.000000 0.000000
1986.626338 0.000000 0.000000
1989.973602 0.000000 0.000000
1991.454230 0.000000 0.000000
2000.383775 0.000000 0.000000
2000.758635 0.000000 0.000000
2010.509303 0.000000 0.000000
2014.458858 0.000000 0.000000
2020.381314 0.000000 0.000000
2020.556900 0.000000 0.000000
2028.278349 0.000000 0.000000
2030.010526 0.000000 0.000000
2036.000742 0.000000 0.000000
2039.385817 0.000000 0.000000
2041.580141 0.000000 0.000000
2046.397520 0.000000 0.000000
2048.528159 0.000000 0.000000
2052.181671 0.000000 0.000000
2052.196909 0.000000 0.000000
2056.649432 0.000000 0.000000
2057.445340 0.000000 0.000000
2061.876836 0.000000 0.000000
2066.169998 0.000000 0.000000
2067.242709 0.000000 0.000000
2068.151895 0.000000 0.000000
2074.743542 0.000000 0.000000
2076.290427 0.000000 0.000000
2076.443427 0.000000 0.000000
2079.279042 0.000000 0.000000
2083.186127 0.000000 0.000000
2090.149683 0.000000 0.000000
2091.304433 0.000000 0.000000
2091.500439 0.000000 0.000000
2093.963911 0.000000 0.000000
2099.577659 0.000000 0.000000
2100.923645 0.000000 0.000000
2111.707297 0.000000 0.000000
2113.749108 0.000000 0.000000
2122.430655 0.000000 0.000000
2124.088482 0.000000 0.000000
2132.037111 0.000000 0.000000
2132.473855 0.000000 0.000000
2132.834539 0.000000 0.000000
2142.588023 0.000000 0.000000
2145.257172 0.000000 0.000000
2150.237179 0.000000 0.000000
2150.242421 0.000000 0.000000
2151.483192 0.000000 0.000000
2153.113371 0.000000 0.000000
2156.652720 0.000000 0.000000
2159.563877 0.000000 0.000000
2167.309903 0.000000 0.000000
2168.211353 0.000000 0.000000
2169.253500 0.000000 0.000000
2174.554776 0.000000 0.000000
2174.993173 0.000000 0.000000
2175.230130 0.000000 0.000000
2179.565110 0.000000 0.000000
2180.270130 0.000000 0.000000
2183.328680 0.000000 0.000000
2191.089468 0.000000 0.000000
2191.484556 0.000000 0.000000
2199.579982 0.000000 0.000000
2203.058811 0.000000 0.000000
2204.024063 0.000000 0.000000
2205.570467 0.000000 0.000000
2207.565707 0.000000 0.000000
2215.423897 0.000000 0.000000
2227.558034 0.000000 0.000000
2227.819809 0.000000 0.000000
2236.427264 0.000000 0.000000
2239.797322 0.000000 0.000000
2241.125526 0.000000 0.000000
2243.494565 0.000000 0.000000
2248.235785 0.000000 0.000000
2248.303811 0.000000 0.000000
2251.113824 0.000000 0.000000
2256.678441 0.000000 0.000000
2261.637294 0.000000 0.000000
2267.179074 0.000000 0.000000
2268.429830 0.000000 0.000000
2271.492375 0.000000 0.000000
2272.684170 0.000000 0.000000
2273.632789 0.000000 0.000000
2280.471673 0.000000 0.000000
2280.522024 0.000000 0.000000
2280.840290 0.000000 0.000000
2289.512613 0.000000 0.000000
2293.343571 0.000000 0.000000
2295.758362 0.000000 0.000000
2295.844443 0.000000 0.000000
2297.621989 0.000000 0.000000
2300.490474 0.000000 0.000000
2307.183633 0.000000 0.000000
2307.623014 0.000000 0.000000
2315.401228 0.000000 0.000000
2317.475496 0.000000 0.000000
2321.325730 0.000000 0.000000
2321.463530 0.000000 0.000000
2335.551083 0.000000 0.000000
2340.799048 0.000000 0.000000
2346.209321 0.000000 0.000000
2346.285899 0.000000 0.000000
2348.991344 0.000000 0.000000
2351.953072 0.000000 0.000000
2356.719331 0.000000 0.000000
2357.076781 0.000000 0.000000
2361.607005 0.000000 0.000000
2368.852692 0.000000 0.000000
2370.457642 0.000000 0.000000
2372.433794 0.000000 0.000000
2373.497181 0.000000 0.000000
2381.991629 0.000000 0.000000
2384.183850 0.000000 0.000000
2384.649231 0.000000 0.000000
2394.076158 0.000000 0.000000
2397.372507 0.000000 0.000000
2397.402822 0.000000 0.000000
2402.291311 0.000000 0.000000
2406.710353 0.000000 0.000000
2409.868939 0.000000 0.000000
2413.278544 0.000000 0.000000
2413.540457 0.000000 0.000000
2415.689188 0.000000 0.000000
2423.161633 0.000000 0.000000
2429.456863 0.000000 0.000000
2435.522784 0.000000 0.000000
2437.129134 0.000000 0.000000
2444.084505 0.000000 0.000000
2444.248842 0.000000 0.000000
2445.087742 0.000000 0.000000
2456.925607 0.000000 0.000000
2459.619555 0.000000 0.000000
2467.797575 0.000000 0.000000
2470.126673 0.000000 0.000000
2470.929618 0.000000 0.000000
2472.087313 0.000000 0.000000
2473.294911 0.000000 0.000000
2481.566350 0.000000 0.000000
2485.446409 0.000000 0.000000
2485.512406 0.000000 0.000000
2486.311963 0.000000 0.000000
2487.012796 0.000000 0.000000
2497.869712 0.000000 0.000000
2502.695047 0.000000 0.000000
2504.509231 0.000000 0.000000
2507.687817 0.000000 0.000000
2514.132333 0.000000 0.000000
2518.550055 0.000000 0.000000
2521.240959 0.000000 0.000000
2521.716535 0.000000 0.000000
2523.788890 0.000000 0.000000
2530.756137 0.000000 0.000000
2532.660247 0.000000 0.000000
2539.146572 0.000000 0.000000
2541.987094 0.000000 0.000000
2542.176412 0.000000 0.000000
2555.464687 0.000000 0.000000
2557.880454 0.000000 0.000000
2560.049214 0.000000 0.000000
2564.733640 0.000000 0.000000
2569.848196 0.000000 0.000000
2571.758205 0.000000 0.000000
2573.893909 0.000000 0.000000
2585.180415 0.000000 0.000000
2590.365205 0.000000 0.000000
2590.482393 0.000000 0.000000
2591.514497 0.000000 0.000000
2596.262904 0.000000 0.000000
2599.874223 0.000000 0.000000
2610.461341 0.000000 0.000000
2611.510665 0.000000 0.000000
2615.519960 0.000000 0.000000
2620.407136 0.000000 0.000000
2626.193841 0.000000 0.000000
2628.508688 0.000000 0.000000
2631.026666 0.000000 0.000000
2631.727262 0.000000 0.000000
2638.292501 0.000000 0.000000
2639.981474 0.000000 0.000000
2640.187700 0.000000 0.000000
2650.322912 0.000000 0.000000
2655.066842 0.000000 0.000000
2657.676958 0.000000 0.000000
2662.181007 0.000000 0.000000
2668.610056 0.000000 0.000000
2673.888489 0.000000 0.000000
2674.223693 0.000000 0.000000
2685.648462 0.000000 0.000000
2692.997972 0.000000 0.000000
2693.919361 0.000000 0.000000
2695.091464 0.000000 0.000000
2695.500825 0.000000 0.000000
2702.601912 0.000000 0.000000
2713.651268 0.000000 0.000000
2720.432343 0.000000 0.000000
2725.166288 0.000000 0.000000
2728.248185 0.000000 0.000000
2733.091079 0.000000 0.000000
2738.087515 0.000000 0.000000
2738.977678 0.000000 0.000000
2739.556284 0.000000 0.000000
2742.384513 0.000000 0.000000
2745.839457 0.000000 0.000000
2756.455017 0.000000 0.000000
2756.455033 0.000000 0.000000
2758.922460 0.000000 0.000000
2759.650953 0.000000 0.000000
2762.575581 0.000000 0.000000
2763.078338 0.000000 0.000000
2779.182155 0.000000 0.000000
2780.606059 0.000000 0.000000
2781.857021 0.000000 0.000000
2797.020342 0.000000 0.000000
2798.650680 0.000000 0.000000
2799.024624 0.000000 0.000000
2802.435162 0.000000 0.000000
2804.146833 0.000000 0.000000
2816.965119 0.000000 0.000000
2827.445771 0.000000 0.000000
2832.676671 0.000000 0.000000
2835.737424 0.000000 0.000000
2838.670838 0.000000 0.000000
2839.916967 0.000000 0.000000
2840.877285 0.000000 0.000000
2846.388106 0.000000 0.000000
2853.050844 0.000000 0.000000
2854.351976 0.000000 0.000000
2859.240404 0.000000 0.000000
2859.240537 0.000000 0.000000
2861.759870 0.000000 0.000000
2871.536343 0.000000 0.000000
2874.976513 0.000000 0.000000
2887.068569 0.000000 0.000000
2894.876990 0.000000 0.000000
2895.486392 0.000000 0.000000
2902.654355 0.000000 0.000000
2904.345726 0.000000 0.000000
2915.107221 0.000000 0.000000
2915.583300 0.000000 0.000000
2916.725935 0.000000 0.000000
2932.195007 0.000000 0.000000
2941.696309 0.000000 0.000000
2946.446472 0.000000 0.000000
2947.831060 0.000000 0.000000
2950.083602 0.000000 0.000000
2952.719597 0.000000 0.000000
2953.664076 0.000000 0.000000
2960.278610 0.000000 0.000000
2961.078896 0.000000 0.000000
2962.083609 0.000000 0.000000
2962.083629 0.000000 0.000000
2972.255644 0.000000 0.000000
2986.777159 0.000000 0.000000
2990.541364 0.000000 0.000000
2998.954679 0.000000 0.000000
3005.389966 0.000000 0.000000
3007.897916 0.000000 0.000000
3014.573330 0.000000 0.000000
3019.031617 0.000000 0.000000
3029.594063 0.000000 0.000000
3032.822286 0.000000 0.000000
3047.749981 0.000000 0.000000
3056.998772 0.000000 0.000000
3061.086290 0.000000 0.000000
3064.976093 0.000000 0.000000
3064.986044 0.000000 0.000000
3065.382293 0.000000 0.000000
3066.183892 0.000000 0.000000
3067.547573 0.000000 0.000000
3070.712332 0.000000 0.000000
3083.375152 0.000000 0.000000
3087.852444 0.000000 0.000000
3099.615308 0.000000 0.000000
3109.757327 0.000000 0.000000
3111.076408 0.000000 0.000000
3117.922362 0.000000 0.000000
3121.797245 0.000000 0.000000
3130.421210 0.000000 0.000000
3145.626919 0.000000 0.000000
3149.575393 0.000000 0.000000
3154.736737 0.000000 0.000000
3163.583040 0.000000 0.000000
3167.927147 0.000000 0.000000
3167.943624 0.000000 0.000000
3172.444587 0.000000 0.000000
3173.026299 0.000000 0.000000
3176.774464 0.000000 0.000000
3198.371733 0.000000 0.000000
3204.236306 0.000000 0.000000
3205.200497 0.000000 0.000000
3213.149318 0.000000 0.000000
3217.279114 0.000000 0.000000
3218.291528 0.000000 0.000000
3235.153489 0.000000 0.000000
3247.825320 0.000000 0.000000
3262.220457 0.000000 0.000000
3266.739049 0.000000 0.000000
3267.051994 0.000000 0.000000
3270.937689 0.000000 0.000000
3270.961305 0.000000 0.000000
3279.657953 0.000000 0.000000
3284.575255 0.000000 0.000000
3294.275592 0.000000 0.000000
3303.669970 0.000000 0.000000
3315.946272 0.000000 0.000000
3319.703251 0.000000 0.000000
3329.527817 0.000000 0.000000
3337.794567 0.000000 0.000000
3345.234928 0.000000 0.000000
3354.521926 0.000000 0.000000
3355.960283 0.000000 0.000000
3366.250500 0.000000 0.000000
3373.944031 0.000000 0.000000
3373.986523 0.000000 0.000000
3378.526343 0.000000 0.000000
3384.973280 0.000000 0.000000
3404.273159 0.000000 0.000000
3412.603971 0.000000 0.000000
3422.211826 0.000000 0.000000
3427.199311 0.000000 0.000000
3448.553862 0.000000 0.000000
3462.446129 0.000000 0.000000
3468.357630 0.000000 0.000000
3475.293563 0.000000 0.000000
3477.075338 0.000000 0.000000
3477.410094 0.000000 0.000000
3486.490601 0.000000 0.000000
3495.432124 0.000000 0.000000
3509.757193 0.000000 0.000000
3524.127850 0.000000 0.000000
3525.930443 0.000000 0.000000
3526.884980 0.000000 0.000000
3531.460560 0.000000 0.000000
3544.063507 0.000000 0.000000
3570.117056 0.000000 0.000000
3580.200452 0.000000 0.000000
3580.311500 0.000000 0.000000
3589.952478 0.000000 0.000000
3598.932024 0.000000 0.000000
3612.694734 0.000000 0.000000
3631.278077 0.000000 0.000000
3634.168970 0.000000 0.000000
3661.477895 0.000000 0.000000
3669.004521 0.000000 0.000000
3683.332681 0.000000 0.000000
3683.506792 0.000000 0.000000
3694.630251 0.000000 0.000000
3696.449490 0.000000 0.000000
3720.187030 0.000000 0.000000
3724.085482 0.000000 0.000000
3730.402845 0.000000 0.000000
3739.277126 0.000000 0.000000
3750.152521 0.000000 0.000000
3786.464823 0.000000 0.000000
3786.529118 0.000000 0.000000
3795.636927 0.000000 0.000000
3797.733480 0.000000 0.000000
3835.429252 0.000000 0.000000
3839.534505 0.000000 0.000000
3866.807130 0.000000 0.000000
3879.546124 0.000000 0.000000
3890.036355 0.000000 0.000000
3890.069165 0.000000 0.000000
3929.203975 0.000000 0.000000
3940.806626 0.000000 0.000000
3949.793897 0.000000 0.000000
3950.675820 0.000000 0.000000
3992.589492 0.000000 0.000000
3993.300937 0.000000 0.000000
4004.014035 0.000000 0.000000
4024.777138 0.000000 0.000000
4055.734588 0.000000 0.000000
4077.401583 0.000000 0.000000
4096.694821 0.000000 0.000000
4096.780133 0.000000 0.000000
4151.530367 0.000000 0.000000
4155.351561 0.000000 0.000000
4199.369079 0.000000 0.000000
4200.499450 0.000000 0.000000
4223.838920 0.000000 0.000000
4278.778415 0.000000 0.000000
4301.477845 0.000000 0.000000
4306.254937 0.000000 0.000000
4368.469348 0.000000 0.000000
4404.719046 0.000000 0.000000
4411.193116 0.000000 0.000000
4507.780239 0.000000 0.000000
4508.671744 0.000000 0.000000
4596.224830 0.000000 0.000000
4628.515929 0.000000 0.000000
4784.615235 0.000000 0.000000
