int nmodes = 3;
int size_q = 7;

int q[] = {2, 2,2, 2,2, 2,2};// quantum numbers
double w[] = {10, 10, 20, 20, 30, 30};//frequencies
double b[] = {1, 1, 0.5, 0.5, 0.3, 0.3};//shifts
double E[] = {0,0};
double Vab = 20;

Number of states: 128
Sparse Hamiltonian computation time: 0.000000 seconds 0.000000 milliseconds
Time to set up matrix: 0.000000 seconds 0.000000 milliseconds
Diagonalization time: 0.000000 seconds 0.000000 milliseconds
E    Isym    Iasym
30.443872 0.000000 1.294896
42.071480 0.111257 0.000000
43.742585 0.000000 0.294165
50.657505 0.084346 0.000000
52.901211 0.000000 0.096916
58.044080 0.000000 0.106849
60.014839 0.077014 0.000000
62.102318 0.000000 0.044078
63.147049 0.000000 0.007292
63.233133 0.019749 0.000000
65.977316 0.001934 0.000000
66.884205 0.000000 0.051279
72.343471 0.000000 0.001560
72.905174 0.001752 0.000000
73.958719 0.000000 0.011635
74.561883 0.004442 0.000000
75.688631 0.000000 0.017131
76.440370 0.940396 0.000000
78.301698 0.020326 0.000000
80.816665 0.000000 0.001745
80.976430 0.000000 0.004463
81.809005 0.069221 0.000000
82.909980 0.000007 0.000000
84.667480 0.000000 0.004795
86.454668 0.009140 0.000000
87.091927 0.000000 0.000984
87.745602 0.040249 0.000000
89.834264 0.000000 0.000934
90.547127 0.252936 0.000000
90.997343 0.000000 0.009900
91.801136 0.000000 0.003536
93.520224 0.055566 0.000000
93.763131 0.000000 0.004196
95.282851 0.002359 0.000000
95.503848 0.000000 0.000111
95.736071 0.000000 0.001681
96.034172 0.000678 0.000000
97.924093 0.027864 0.000000
98.368650 0.114581 0.000000
98.697502 0.000000 0.000118
99.482677 0.000000 0.014535
101.746023 0.000000 0.000217
103.135619 0.002008 0.000000
104.048543 0.007247 0.000000
105.019540 0.009420 0.000000
105.230877 0.000000 0.000027
106.079404 0.000000 0.000092
106.102603 0.048038 0.000000
108.263859 0.000000 0.007825
109.237136 0.000000 0.003799
109.521798 0.009480 0.000000
110.510856 0.001124 0.000000
112.043605 0.000000 0.000304
112.192385 0.032513 0.000000
112.599778 0.001558 0.000000
112.829873 0.000000 0.000082
113.531595 0.000000 0.002158
114.045565 0.014440 0.000000
114.564689 0.000000 0.003562
116.899291 0.000000 0.000575
117.259595 0.001458 0.000000
118.708218 0.003795 0.000000
119.346939 0.000000 0.000098
119.506367 0.000000 0.000587
120.493633 0.004682 0.000000
120.653061 0.011015 0.000000
121.291782 0.000000 0.000034
122.740405 0.000000 0.003273
123.100709 0.002203 0.000000
125.435311 0.002641 0.000000
125.954435 0.000000 0.000831
126.468405 0.000314 0.000000
127.170127 0.006517 0.000000
127.400222 0.000000 0.000120
127.807615 0.000000 0.000055
127.956395 0.000237 0.000000
129.489144 0.000000 0.000252
130.478202 0.000000 0.001964
130.762864 0.000780 0.000000
131.736141 0.000722 0.000000
133.897397 0.000000 0.000012
133.920596 0.000724 0.000000
134.769123 0.001097 0.000000
134.980460 0.000000 0.000005
135.951457 0.000000 0.000059
136.864381 0.000000 0.000131
138.253977 0.000003 0.000000
140.517323 0.000022 0.000000
141.302498 0.001933 0.000000
141.631350 0.000000 0.000104
142.075907 0.000000 0.000026
143.965828 0.000000 0.000001
144.263929 0.000012 0.000000
144.496152 0.000282 0.000000
144.717149 0.000000 0.000388
146.236869 0.001602 0.000000
146.479776 0.000000 0.000548
148.198864 0.000030 0.000000
149.002657 0.000143 0.000000
149.452873 0.000000 0.000051
150.165736 0.000000 0.000000
152.254398 0.000000 0.000000
152.908073 0.000002 0.000000
153.545332 0.000000 0.000002
155.332520 0.000081 0.000000
157.090020 0.000000 0.000001
158.190995 0.000000 0.000018
159.023570 0.000007 0.000000
159.183335 0.000017 0.000000
161.698302 0.000000 0.000000
163.559630 0.000000 0.000000
164.311369 0.000018 0.000000
165.438117 0.000000 0.000000
166.041281 0.000001 0.000000
167.094826 0.000000 0.000002
167.656529 0.000004 0.000000
173.115795 0.000005 0.000000
174.022684 0.000000 0.000000
176.766867 0.000000 0.000000
176.852951 0.000002 0.000000
177.897682 0.000001 0.000000
179.985161 0.000000 0.000000
181.955920 0.000000 0.000000
187.098789 0.000000 0.000000
189.342495 0.000000 0.000000
196.257415 0.000000 0.000000
197.928520 0.000000 0.000000
209.556128 0.000000 0.000000
