Number of states: 1458
Sparse Hamiltonian computation time: 0 seconds 0 milliseconds
Time to set up matrix: 0 seconds 0 milliseconds
Diagonalization time: 116 seconds 0 milliseconds
E    Isym    Iasym
28.827561 0.000000 1.044514
37.243112 0.079968 0.000000
39.938439 0.000000 0.400129
46.912798 0.043006 0.000000
48.372494 0.000000 0.121894
49.270847 0.000000 0.144856
51.198756 0.013906 0.000000
52.487356 0.000000 0.028648
56.281790 0.000000 0.010252
57.067627 0.045252 0.000000
57.808457 0.042743 0.000000
58.057022 0.002978 0.000000
58.964427 0.000000 0.046558
60.397414 0.000000 0.051251
62.129921 0.023940 0.000000
64.675880 0.000000 0.007503
66.037926 0.000000 0.001515
66.495580 0.000000 0.010184
67.413694 0.032583 0.000000
67.424181 0.016191 0.000000
68.171671 0.000720 0.000000
69.075662 0.000000 0.014850
69.890718 0.000388 0.000000
70.075625 0.000000 0.015938
70.173520 0.000000 0.004337
70.624436 0.000129 0.000000
71.282510 0.000000 0.003143
72.103554 0.002348 0.000000
73.078764 0.000000 0.004551
74.983914 0.605515 0.000000
75.527982 0.000000 0.000427
76.372794 0.094189 0.000000
77.117286 0.001948 0.000000
77.320785 0.000000 0.002764
77.509706 0.005044 0.000000
77.865341 0.140362 0.000000
78.559495 0.000000 0.004673
78.992637 0.000000 0.007043
79.406130 0.000000 0.006373
79.915106 0.000000 0.000494
80.009250 0.000000 0.000017
80.149860 0.001149 0.000000
80.840304 0.000398 0.000000
81.413202 0.000325 0.000000
81.665198 0.000840 0.000000
82.365290 0.000000 0.000540
82.490525 0.013718 0.000000
82.649154 0.000000 0.001195
82.754717 0.000000 0.001930
83.342781 0.000001 0.000000
85.196856 0.000135 0.000000
85.370770 0.000000 0.001406
85.899870 0.000000 0.000788
86.463635 0.000000 0.000812
86.548290 0.000000 0.000223
86.810583 0.459630 0.000000
86.945601 0.000000 0.001006
87.326726 0.000000 0.007449
87.911153 0.002408 0.000000
87.946462 0.004306 0.000000
88.224462 0.000000 0.005164
88.256858 0.001135 0.000000
88.544864 0.000115 0.000000
89.253695 0.006669 0.000000
89.917724 0.000635 0.000000
89.935789 0.000000 0.000044
90.377137 0.000000 0.000132
90.536345 0.000000 0.002381
91.146847 0.000000 0.000229
91.256871 0.009398 0.000000
91.415601 0.000000 0.000032
91.893417 0.000000 0.000034
92.347733 0.000937 0.000000
92.570101 0.000192 0.000000
93.009768 0.001108 0.000000
93.260840 0.000000 0.000041
94.842218 0.026096 0.000000
94.932857 0.000000 0.000436
95.542202 0.060296 0.000000
95.803426 0.010623 0.000000
96.022932 0.000000 0.004237
96.546555 0.000000 0.000010
96.666567 0.008928 0.000000
96.775457 0.000000 0.003194
97.070817 0.000750 0.000000
97.164324 0.000000 0.000079
97.302607 0.000000 0.000415
97.693954 0.001683 0.000000
97.960752 0.000000 0.000001
98.128912 0.003986 0.000000
98.206910 0.016948 0.000000
98.614011 0.000000 0.000038
98.765870 0.000338 0.000000
99.046522 0.000541 0.000000
99.068250 0.000000 0.000290
99.267126 0.000000 0.001353
99.281740 0.003222 0.000000
99.416740 0.000000 0.000663
99.680257 0.021829 0.000000
100.146340 0.000352 0.000000
100.233000 0.001143 0.000000
100.413353 0.000000 0.000017
100.807728 0.000000 0.000615
100.941663 0.000000 0.000125
101.175325 0.000219 0.000000
101.199431 0.000623 0.000000
101.458165 0.000000 0.000244
101.615860 0.000705 0.000000
101.659146 0.000000 0.000374
101.790978 0.000166 0.000000
102.072088 0.000000 0.000481
102.312615 0.000045 0.000000
102.828649 0.000000 0.000080
103.242533 0.000000 0.000223
103.737254 0.017382 0.000000
103.788525 0.000000 0.000882
104.872776 0.001127 0.000000
104.896755 0.005306 0.000000
105.099071 0.000000 0.002465
105.153315 0.000000 0.000348
105.476406 0.022686 0.000000
106.166076 0.000000 0.001135
106.368216 0.030099 0.000000
106.369009 0.000000 0.000011
106.884807 0.020539 0.000000
106.957765 0.002841 0.000000
107.485737 0.000000 0.000858
107.515014 0.004839 0.000000
107.530908 0.000000 0.000394
107.822792 0.000000 0.000288
107.981828 0.001940 0.000000
108.123525 0.000000 0.003488
108.296088 0.006104 0.000000
108.648693 0.000000 0.001067
108.652764 0.002848 0.000000
108.852670 0.001890 0.000000
108.948977 0.000000 0.000124
109.119013 0.000000 0.006373
109.235068 0.000000 0.000223
109.388261 0.000732 0.000000
109.432640 0.000115 0.000000
109.896605 0.000000 0.000120
110.069387 0.000643 0.000000
110.129118 0.000000 0.000129
110.154489 0.000000 0.000016
110.285993 0.000538 0.000000
110.323187 0.000000 0.000025
110.476754 0.001013 0.000000
110.559536 0.000023 0.000000
110.881222 0.000000 0.000014
111.109187 0.000000 0.000044
111.110734 0.000320 0.000000
111.371827 0.001448 0.000000
111.429417 0.000000 0.000281
111.956443 0.000003 0.000000
112.048729 0.000087 0.000000
112.095705 0.000000 0.000002
112.258578 0.000000 0.000016
112.639814 0.000000 0.000043
112.709083 0.000522 0.000000
112.832967 0.000000 0.000005
112.975951 0.000000 0.000116
113.125009 0.000000 0.000052
113.520611 0.000203 0.000000
113.687638 0.001512 0.000000
113.804787 0.002742 0.000000
114.360260 0.000000 0.000066
114.782185 0.000021 0.000000
114.983148 0.000000 0.000042
115.227694 0.000000 0.000252
115.594532 0.000000 0.000099
115.651501 0.000355 0.000000
115.926062 0.002628 0.000000
116.258262 0.002894 0.000000
116.272330 0.000419 0.000000
116.473506 0.000000 0.000007
116.562503 0.000020 0.000000
116.916463 0.012633 0.000000
117.014345 0.000000 0.000138
117.250590 0.000190 0.000000
117.320966 0.000000 0.000358
117.491436 0.000000 0.000010
117.520509 0.000000 0.000048
117.658525 0.003798 0.000000
118.016270 0.008233 0.000000
118.026998 0.000000 0.000937
118.252652 0.000000 0.000077
118.367074 0.000000 0.001733
118.414539 0.000037 0.000000
118.740515 0.000177 0.000000
119.030344 0.000000 0.000419
119.143105 0.000000 0.000252
119.233495 0.000311 0.000000
119.366703 0.001137 0.000000
119.477329 0.000000 0.000105
119.605049 0.000239 0.000000
119.797401 0.000000 0.000898
119.875672 0.000000 0.000516
119.983767 0.000470 0.000000
120.079268 0.000052 0.000000
120.301412 0.000743 0.000000
120.333958 0.000000 0.000015
120.342562 0.000000 0.000216
120.649008 0.000000 0.000451
120.727777 0.000726 0.000000
120.924613 0.000000 0.000375
120.983727 0.000635 0.000000
121.096410 0.000304 0.000000
121.438176 0.000000 0.000024
121.574595 0.000000 0.000000
121.621404 0.000104 0.000000
122.001520 0.000000 0.000046
122.051699 0.000067 0.000000
122.105823 0.000000 0.000003
122.224854 0.000000 0.000021
122.865147 0.000072 0.000000
123.130444 0.000000 0.000000
123.227069 0.000000 0.000001
123.332152 0.000000 0.000117
123.471068 0.000478 0.000000
123.478144 0.000000 0.000000
123.753483 0.000000 0.000032
123.775426 0.000013 0.000000
123.852122 0.000000 0.000021
123.960526 0.000000 0.000107
123.974066 0.000342 0.000000
124.798369 0.000000 0.000167
125.023447 0.001192 0.000000
125.525632 0.000000 0.000374
125.539798 0.000152 0.000000
125.724616 0.000000 0.000051
125.759426 0.003076 0.000000
125.861202 0.001295 0.000000
126.061636 0.000758 0.000000
126.140322 0.000000 0.000145
126.477399 0.000000 0.000180
126.621415 0.000000 0.000161
126.744191 0.000276 0.000000
126.860021 0.000000 0.000153
126.962042 0.000199 0.000000
127.089744 0.000000 0.000004
127.174049 0.000204 0.000000
127.352022 0.000000 0.000001
127.423658 0.000001 0.000000
127.462459 0.000022 0.000000
127.570242 0.000657 0.000000
127.581588 0.000000 0.000000
127.775338 0.000000 0.000029
127.891914 0.001319 0.000000
127.939410 0.000457 0.000000
128.099211 0.000000 0.000007
128.247611 0.000006 0.000000
128.480580 0.000000 0.000227
128.497551 0.000018 0.000000
128.526305 0.000000 0.000015
128.641952 0.000000 0.000088
128.847599 0.000000 0.000220
128.875922 0.000925 0.000000
129.132760 0.000000 0.000000
129.183135 0.000006 0.000000
129.252452 0.000617 0.000000
129.564752 0.000000 0.000012
129.651283 0.000189 0.000000
129.754367 0.000000 0.000005
129.843993 0.000008 0.000000
129.915405 0.000000 0.000082
130.108469 0.000189 0.000000
130.301846 0.000000 0.000276
130.356997 0.000241 0.000000
130.426570 0.000000 0.000044
130.591320 0.000315 0.000000
130.706085 0.000000 0.000076
130.776267 0.000000 0.000068
130.938346 0.000000 0.000014
131.015184 0.000031 0.000000
131.086988 0.000000 0.000027
131.145500 0.000000 0.000229
131.165391 0.000002 0.000000
131.270970 0.000168 0.000000
131.276594 0.000000 0.000036
131.470932 0.000000 0.000005
131.495436 0.000073 0.000000
131.543888 0.000085 0.000000
132.009060 0.000004 0.000000
132.291436 0.000000 0.000000
132.298696 0.000717 0.000000
132.438974 0.000000 0.000366
132.630026 0.000019 0.000000
132.786487 0.000002 0.000000
132.795650 0.000000 0.000016
132.902489 0.000021 0.000000
132.926605 0.000000 0.000010
132.984080 0.000000 0.000001
133.178983 0.000000 0.000002
133.202664 0.000082 0.000000
133.310410 0.000000 0.000011
134.154419 0.000504 0.000000
134.208831 0.000000 0.000002
134.367466 0.000000 0.000005
134.603811 0.001133 0.000000
134.604340 0.000000 0.000101
134.683733 0.000000 0.000000
135.088620 0.000001 0.000000
135.172179 0.000000 0.000115
135.310408 0.000059 0.000000
135.325263 0.000000 0.000002
135.514292 0.000045 0.000000
135.517495 0.000000 0.000019
135.631734 0.000542 0.000000
135.742198 0.000000 0.000001
135.805950 0.000000 0.000000
136.052572 0.000269 0.000000
136.340500 0.000106 0.000000
136.434344 0.000000 0.000053
136.778170 0.000000 0.000237
136.830046 0.002026 0.000000
136.959325 0.000001 0.000000
137.014885 0.000023 0.000000
137.096440 0.000000 0.000045
137.225422 0.000000 0.000169
137.336447 0.000067 0.000000
137.502447 0.000019 0.000000
137.528689 0.000000 0.000023
137.707260 0.000000 0.000023
137.816896 0.000000 0.000002
137.935574 0.000118 0.000000
138.054726 0.000000 0.000039
138.226750 0.000124 0.000000
138.516478 0.000000 0.000154
138.597093 0.000001 0.000000
138.673534 0.000000 0.000091
138.693826 0.000053 0.000000
138.848853 0.000000 0.000221
138.852135 0.000060 0.000000
139.056679 0.000029 0.000000
139.107087 0.000000 0.000001
139.184545 0.000012 0.000000
139.366903 0.000055 0.000000
139.668520 0.000000 0.000039
139.863593 0.000000 0.000073
139.864395 0.000001 0.000000
140.060548 0.000052 0.000000
140.103782 0.000000 0.000097
140.206189 0.000019 0.000000
140.271544 0.000000 0.000123
140.341376 0.000348 0.000000
140.357132 0.000127 0.000000
140.489478 0.000000 0.000038
140.534881 0.000185 0.000000
140.647852 0.000011 0.000000
140.721134 0.000072 0.000000
140.722768 0.000000 0.000009
140.908719 0.000008 0.000000
140.966661 0.000000 0.000008
141.124431 0.000000 0.000024
141.154130 0.000015 0.000000
141.240424 0.000001 0.000000
141.352270 0.000000 0.000001
141.488780 0.000000 0.000045
141.514298 0.000040 0.000000
141.650316 0.000018 0.000000
141.721500 0.000000 0.000007
141.911653 0.000000 0.000004
142.074681 0.000038 0.000000
142.227369 0.000000 0.000016
142.369916 0.000018 0.000000
142.499965 0.000000 0.000000
142.653602 0.000000 0.000007
142.771194 0.000000 0.000002
143.011611 0.000000 0.000001
143.053527 0.000004 0.000000
143.114144 0.000032 0.000000
143.241346 0.000094 0.000000
143.445742 0.000000 0.000002
143.661342 0.000000 0.000000
143.792931 0.000000 0.000003
143.898387 0.000049 0.000000
143.924125 0.000026 0.000000
144.133557 0.000000 0.000001
144.325127 0.000000 0.000016
144.393199 0.000023 0.000000
144.411321 0.000000 0.000009
144.577154 0.000000 0.000000
144.588379 0.000014 0.000000
144.616569 0.000003 0.000000
144.682192 0.000000 0.000004
144.709347 0.000085 0.000000
144.916918 0.000000 0.000011
145.086965 0.000019 0.000000
145.286255 0.000000 0.000037
145.445306 0.000018 0.000000
145.528044 0.000000 0.000001
146.086754 0.000025 0.000000
146.239144 0.000000 0.000025
146.351544 0.000114 0.000000
146.409887 0.000000 0.000003
146.412221 0.000173 0.000000
146.567912 0.000201 0.000000
146.662335 0.000096 0.000000
146.907638 0.000000 0.000001
146.917549 0.000003 0.000000
147.028801 0.000000 0.000018
147.080457 0.000000 0.000034
147.119304 0.000105 0.000000
147.395869 0.000000 0.000001
147.422965 0.000002 0.000000
147.471448 0.000000 0.000001
147.502594 0.000000 0.000004
147.789664 0.000000 0.000009
147.868469 0.000099 0.000000
147.944214 0.000001 0.000000
148.144479 0.000214 0.000000
148.203622 0.000154 0.000000
148.402956 0.000000 0.000000
148.506502 0.000000 0.000001
148.555395 0.000000 0.000002
148.634634 0.000005 0.000000
148.882835 0.000000 0.000025
148.890781 0.000138 0.000000
149.051785 0.000000 0.000169
149.055550 0.000012 0.000000
149.125317 0.000000 0.000085
149.246381 0.000000 0.000032
149.275695 0.000000 0.000000
149.331819 0.000000 0.000019
149.495581 0.000105 0.000000
149.642198 0.000065 0.000000
149.687662 0.000000 0.000001
149.772578 0.000000 0.000004
149.800112 0.000000 0.000000
149.959144 0.000000 0.000039
150.001607 0.000001 0.000000
150.030680 0.000000 0.000005
150.032091 0.000026 0.000000
150.313436 0.000000 0.000001
150.406951 0.000010 0.000000
150.473035 0.000000 0.000007
150.492037 0.000006 0.000000
150.633586 0.000004 0.000000
150.858386 0.000000 0.000048
150.905443 0.000057 0.000000
151.129103 0.000001 0.000000
151.317007 0.000000 0.000005
151.373382 0.000096 0.000000
151.536503 0.000000 0.000001
151.607487 0.000000 0.000004
151.609160 0.000017 0.000000
151.765648 0.000000 0.000001
151.892562 0.000019 0.000000
151.900536 0.000000 0.000000
151.996726 0.000016 0.000000
152.116948 0.000007 0.000000
152.120752 0.000000 0.000015
152.326919 0.000005 0.000000
152.450529 0.000000 0.000000
152.534127 0.000002 0.000000
152.534228 0.000000 0.000008
152.724730 0.000000 0.000006
152.783335 0.000003 0.000000
152.842856 0.000000 0.000000
153.001782 0.000000 0.000000
153.070391 0.000008 0.000000
153.159166 0.000006 0.000000
153.179300 0.000000 0.000000
153.285639 0.000000 0.000001
153.398368 0.000013 0.000000
153.572488 0.000000 0.000009
153.676668 0.000006 0.000000
153.719110 0.000009 0.000000
153.752935 0.000000 0.000000
153.796963 0.000000 0.000000
153.888985 0.000000 0.000004
154.051029 0.000031 0.000000
154.093084 0.000007 0.000000
154.155210 0.000000 0.000002
154.354532 0.000022 0.000000
154.452499 0.000000 0.000001
154.598862 0.000000 0.000004
154.795385 0.000000 0.000000
154.981786 0.000003 0.000000
155.260839 0.000000 0.000000
155.522495 0.000043 0.000000
155.571027 0.000000 0.000003
155.748162 0.000059 0.000000
155.827995 0.000025 0.000000
155.862525 0.000000 0.000017
155.986353 0.000015 0.000000
156.035249 0.000017 0.000000
156.050752 0.000000 0.000004
156.244555 0.000000 0.000002
156.315439 0.000000 0.000000
156.636148 0.000000 0.000000
156.690980 0.000000 0.000008
156.859889 0.000000 0.000000
156.934853 0.000000 0.000000
156.965730 0.000000 0.000000
157.050014 0.000016 0.000000
157.153528 0.000000 0.000000
157.325484 0.000031 0.000000
157.610600 0.000000 0.000006
157.621566 0.000000 0.000018
157.637952 0.000024 0.000000
157.810790 0.000021 0.000000
157.913320 0.000000 0.000015
157.929976 0.000003 0.000000
158.081736 0.000003 0.000000
158.122175 0.000000 0.000031
158.205818 0.000057 0.000000
158.257638 0.000000 0.000001
158.262616 0.000002 0.000000
158.325700 0.000051 0.000000
158.396545 0.000000 0.000002
158.562056 0.000000 0.000004
158.621956 0.000018 0.000000
158.818755 0.000000 0.000001
158.938315 0.000010 0.000000
158.966458 0.000000 0.000001
159.058316 0.000000 0.000005
159.085562 0.000000 0.000006
159.244087 0.000008 0.000000
159.393553 0.000000 0.000000
159.500409 0.000000 0.000001
159.527250 0.000000 0.000004
159.755668 0.000012 0.000000
159.890301 0.000001 0.000000
159.955084 0.000000 0.000028
159.976804 0.000001 0.000000
160.009638 0.000000 0.000009
160.112438 0.000000 0.000000
160.211998 0.000004 0.000000
160.266733 0.000000 0.000000
160.303478 0.000000 0.000000
160.427477 0.000006 0.000000
160.579799 0.000000 0.000000
160.625175 0.000006 0.000000
160.734236 0.000000 0.000005
160.819361 0.000030 0.000000
160.889097 0.000000 0.000006
160.966809 0.000000 0.000003
161.060704 0.000014 0.000000
161.269923 0.000000 0.000000
161.363559 0.000000 0.000000
161.371205 0.000003 0.000000
161.583295 0.000000 0.000003
161.615048 0.000000 0.000000
161.834812 0.000000 0.000002
161.909290 0.000000 0.000003
161.928236 0.000016 0.000000
162.072028 0.000001 0.000000
162.175175 0.000012 0.000000
162.242606 0.000000 0.000001
162.349863 0.000001 0.000000
162.432807 0.000001 0.000000
162.454573 0.000000 0.000001
162.567020 0.000000 0.000000
162.601862 0.000014 0.000000
162.644949 0.000000 0.000000
162.806814 0.000002 0.000000
162.830247 0.000000 0.000000
162.912128 0.000000 0.000000
162.968014 0.000008 0.000000
162.992120 0.000002 0.000000
163.112209 0.000000 0.000001
163.247380 0.000000 0.000003
163.415498 0.000000 0.000004
163.420157 0.000001 0.000000
163.474504 0.000005 0.000000
163.569677 0.000000 0.000004
163.655297 0.000001 0.000000
163.755793 0.000000 0.000000
163.888802 0.000000 0.000007
164.082153 0.000014 0.000000
164.434891 0.000000 0.000000
164.476202 0.000001 0.000000
164.506224 0.000002 0.000000
164.558646 0.000000 0.000000
164.586813 0.000000 0.000000
164.726466 0.000001 0.000000
164.809438 0.000000 0.000000
164.837069 0.000000 0.000000
164.969940 0.000001 0.000000
164.996633 0.000000 0.000000
165.222083 0.000000 0.000000
165.238550 0.000000 0.000000
165.369384 0.000000 0.000000
165.583597 0.000000 0.000000
165.723738 0.000000 0.000000
165.919676 0.000000 0.000000
165.975537 0.000001 0.000000
166.061433 0.000000 0.000000
166.087502 0.000000 0.000000
166.200990 0.000000 0.000007
166.255422 0.000002 0.000000
166.405818 0.000000 0.000006
166.436023 0.000051 0.000000
166.508425 0.000000 0.000002
166.602399 0.000017 0.000000
166.860013 0.000001 0.000000
166.963101 0.000006 0.000000
167.061687 0.000011 0.000000
167.472309 0.000000 0.000000
167.607092 0.000000 0.000000
167.634752 0.000000 0.000004
167.692141 0.000000 0.000000
167.858024 0.000000 0.000000
167.897232 0.000000 0.000000
168.016510 0.000012 0.000000
168.053821 0.000000 0.000001
168.422144 0.000003 0.000000
168.486970 0.000000 0.000000
168.498240 0.000000 0.000012
168.537936 0.000000 0.000003
168.737504 0.000000 0.000000
168.764886 0.000000 0.000014
168.833473 0.000001 0.000000
168.920029 0.000002 0.000000
169.020588 0.000005 0.000000
169.179709 0.000000 0.000007
169.279997 0.000000 0.000000
169.304585 0.000007 0.000000
169.340582 0.000000 0.000000
169.380425 0.000000 0.000002
169.526683 0.000000 0.000000
169.656767 0.000001 0.000000
169.680979 0.000000 0.000000
169.719655 0.000000 0.000000
169.777105 0.000003 0.000000
170.053429 0.000000 0.000001
170.098400 0.000000 0.000000
170.137120 0.000000 0.000000
170.219867 0.000000 0.000001
170.300978 0.000014 0.000000
170.411161 0.000003 0.000000
170.471251 0.000000 0.000000
170.476181 0.000005 0.000000
170.625829 0.000001 0.000000
170.632811 0.000000 0.000000
170.744892 0.000000 0.000000
170.784508 0.000005 0.000000
170.856254 0.000001 0.000000
171.051692 0.000000 0.000002
171.142766 0.000006 0.000000
171.279697 0.000000 0.000000
171.447550 0.000000 0.000000
171.467392 0.000000 0.000002
171.660087 0.000007 0.000000
171.708892 0.000000 0.000000
171.753249 0.000000 0.000000
171.852800 0.000000 0.000001
171.867073 0.000002 0.000000
171.994209 0.000000 0.000001
172.107468 0.000003 0.000000
172.334500 0.000000 0.000004
172.417760 0.000000 0.000001
172.468736 0.000001 0.000000
172.490232 0.000000 0.000000
172.594346 0.000000 0.000001
172.656972 0.000002 0.000000
172.738009 0.000000 0.000002
172.803863 0.000001 0.000000
173.020036 0.000000 0.000000
173.094892 0.000000 0.000005
173.169723 0.000001 0.000000
173.190541 0.000000 0.000000
173.315160 0.000001 0.000000
173.413175 0.000000 0.000000
173.492093 0.000002 0.000000
173.750343 0.000008 0.000000
173.750876 0.000000 0.000000
173.874553 0.000004 0.000000
173.952200 0.000000 0.000001
174.075935 0.000001 0.000000
174.085196 0.000000 0.000000
174.130708 0.000000 0.000000
174.274132 0.000001 0.000000
174.334468 0.000000 0.000000
174.433016 0.000000 0.000000
174.462685 0.000000 0.000000
174.584983 0.000000 0.000000
174.638742 0.000000 0.000001
174.787247 0.000000 0.000000
174.911322 0.000000 0.000000
175.043207 0.000000 0.000001
175.086052 0.000000 0.000000
175.255240 0.000000 0.000000
175.376782 0.000001 0.000000
175.464998 0.000000 0.000001
175.655001 0.000002 0.000000
175.833073 0.000000 0.000001
175.979588 0.000000 0.000000
176.075232 0.000000 0.000000
176.213437 0.000004 0.000000
176.305939 0.000001 0.000000
176.391340 0.000000 0.000000
176.435355 0.000000 0.000000
176.562213 0.000001 0.000000
176.703466 0.000001 0.000000
176.723151 0.000000 0.000001
176.743026 0.000000 0.000000
177.003231 0.000000 0.000000
177.179721 0.000000 0.000000
177.235914 0.000000 0.000000
177.530465 0.000000 0.000000
177.545791 0.000000 0.000000
177.572143 0.000000 0.000000
177.780681 0.000000 0.000000
177.803775 0.000000 0.000000
177.828786 0.000000 0.000000
177.851133 0.000000 0.000001
177.998844 0.000003 0.000000
178.238508 0.000000 0.000000
178.374299 0.000000 0.000000
178.625557 0.000000 0.000000
178.688937 0.000000 0.000000
178.697977 0.000000 0.000000
178.854680 0.000004 0.000000
178.904231 0.000001 0.000000
178.917648 0.000000 0.000000
178.958102 0.000000 0.000001
179.177659 0.000000 0.000001
179.228455 0.000009 0.000000
179.235640 0.000000 0.000000
179.371568 0.000000 0.000000
179.423244 0.000000 0.000002
179.442283 0.000003 0.000000
179.537016 0.000000 0.000000
179.589803 0.000000 0.000003
179.647180 0.000000 0.000000
179.702329 0.000000 0.000001
179.759825 0.000000 0.000000
179.916052 0.000000 0.000000
179.992406 0.000001 0.000000
180.034260 0.000000 0.000001
180.042931 0.000000 0.000000
180.156721 0.000000 0.000001
180.193345 0.000000 0.000000
180.381872 0.000000 0.000001
180.404652 0.000000 0.000000
180.490832 0.000000 0.000001
180.503369 0.000000 0.000000
180.543921 0.000000 0.000000
180.806190 0.000000 0.000000
180.864366 0.000000 0.000000
180.943551 0.000000 0.000000
180.999186 0.000001 0.000000
181.054694 0.000000 0.000000
181.070672 0.000001 0.000000
181.341453 0.000000 0.000000
181.410721 0.000000 0.000000
181.444685 0.000000 0.000001
181.477458 0.000000 0.000000
181.687125 0.000001 0.000000
181.731278 0.000000 0.000000
181.897854 0.000000 0.000001
182.076536 0.000004 0.000000
182.141584 0.000000 0.000001
182.229258 0.000000 0.000000
182.254509 0.000000 0.000000
182.435593 0.000000 0.000000
182.699068 0.000000 0.000000
182.777035 0.000000 0.000000
182.912822 0.000000 0.000000
182.957218 0.000000 0.000000
183.024367 0.000002 0.000000
183.101122 0.000000 0.000000
183.103689 0.000000 0.000000
183.182824 0.000000 0.000000
183.186874 0.000000 0.000000
183.270496 0.000000 0.000000
183.465422 0.000001 0.000000
183.473869 0.000000 0.000000
183.526704 0.000000 0.000000
183.603603 0.000000 0.000000
183.662540 0.000000 0.000000
183.859927 0.000000 0.000000
184.014889 0.000000 0.000001
184.144543 0.000000 0.000000
184.232139 0.000000 0.000000
184.365142 0.000001 0.000000
184.457285 0.000000 0.000000
184.478934 0.000000 0.000000
184.634838 0.000000 0.000000
184.757068 0.000000 0.000001
184.780247 0.000000 0.000000
184.857169 0.000000 0.000000
184.970740 0.000000 0.000000
185.067459 0.000000 0.000000
185.075668 0.000002 0.000000
185.187286 0.000000 0.000000
185.226709 0.000001 0.000000
185.253763 0.000000 0.000000
185.278260 0.000001 0.000000
185.478004 0.000000 0.000000
185.496180 0.000000 0.000000
185.759189 0.000000 0.000000
185.809029 0.000000 0.000000
185.884711 0.000000 0.000000
186.043264 0.000000 0.000000
186.312830 0.000000 0.000000
186.314976 0.000000 0.000000
186.484794 0.000000 0.000000
186.547973 0.000000 0.000000
186.746803 0.000001 0.000000
186.859821 0.000000 0.000000
187.025752 0.000000 0.000000
187.055651 0.000000 0.000000
187.099829 0.000000 0.000000
187.266367 0.000000 0.000000
187.281395 0.000000 0.000000
187.461534 0.000002 0.000000
187.508494 0.000000 0.000000
187.611894 0.000000 0.000000
187.670543 0.000002 0.000000
187.812166 0.000000 0.000000
187.865000 0.000000 0.000000
187.911738 0.000000 0.000001
188.046485 0.000001 0.000000
188.092032 0.000000 0.000000
188.355516 0.000000 0.000000
188.473379 0.000000 0.000000
188.590791 0.000000 0.000000
188.597287 0.000000 0.000000
188.761194 0.000000 0.000000
188.839340 0.000000 0.000000
188.895072 0.000000 0.000000
189.038509 0.000000 0.000000
189.105597 0.000000 0.000000
189.119688 0.000000 0.000000
189.209930 0.000000 0.000000
189.354783 0.000000 0.000000
189.532797 0.000000 0.000000
189.564102 0.000000 0.000000
189.631747 0.000000 0.000000
189.747861 0.000000 0.000000
189.907704 0.000000 0.000000
189.968675 0.000000 0.000000
190.094164 0.000000 0.000000
190.178494 0.000000 0.000000
190.281175 0.000000 0.000000
190.339963 0.000000 0.000000
190.405663 0.000000 0.000000
190.463086 0.000000 0.000000
190.600421 0.000000 0.000000
190.621479 0.000000 0.000000
190.772725 0.000000 0.000000
190.894527 0.000000 0.000000
191.002580 0.000000 0.000000
191.065159 0.000000 0.000001
191.162560 0.000000 0.000000
191.250497 0.000000 0.000000
191.339547 0.000000 0.000000
191.479014 0.000000 0.000000
191.524867 0.000000 0.000000
191.578261 0.000000 0.000000
191.643384 0.000000 0.000000
191.696970 0.000000 0.000000
191.776849 0.000000 0.000000
191.926649 0.000000 0.000000
191.935133 0.000000 0.000000
192.106433 0.000000 0.000000
192.163379 0.000000 0.000000
192.395703 0.000000 0.000000
192.529036 0.000000 0.000000
192.646915 0.000000 0.000000
192.714492 0.000001 0.000000
192.812775 0.000001 0.000000
192.850256 0.000000 0.000000
192.871160 0.000000 0.000000
193.024509 0.000000 0.000000
193.138506 0.000000 0.000000
193.169195 0.000000 0.000000
193.327001 0.000001 0.000000
193.420922 0.000000 0.000000
193.531758 0.000000 0.000000
193.623685 0.000000 0.000000
193.683600 0.000000 0.000000
193.727937 0.000000 0.000000
193.814073 0.000000 0.000000
193.918325 0.000000 0.000000
193.933976 0.000000 0.000000
193.984726 0.000000 0.000000
194.037593 0.000000 0.000000
194.052098 0.000000 0.000000
194.409459 0.000000 0.000000
194.422316 0.000000 0.000000
194.450902 0.000000 0.000000
194.536955 0.000000 0.000000
194.584009 0.000000 0.000000
194.788464 0.000000 0.000000
194.874385 0.000000 0.000000
194.979601 0.000000 0.000000
195.023241 0.000000 0.000000
195.070349 0.000000 0.000000
195.200726 0.000000 0.000000
195.259239 0.000000 0.000000
195.386793 0.000000 0.000000
195.564283 0.000000 0.000000
195.628358 0.000001 0.000000
195.782949 0.000000 0.000000
195.973771 0.000000 0.000000
195.987789 0.000000 0.000000
196.069512 0.000000 0.000000
196.156335 0.000000 0.000000
196.159049 0.000000 0.000000
196.441309 0.000000 0.000000
196.466765 0.000000 0.000000
196.734368 0.000000 0.000000
196.781229 0.000000 0.000000
196.845609 0.000000 0.000000
197.214535 0.000000 0.000000
197.217897 0.000000 0.000000
197.438009 0.000000 0.000000
197.693819 0.000000 0.000000
197.768623 0.000000 0.000000
197.795007 0.000000 0.000000
197.927933 0.000000 0.000000
197.992834 0.000000 0.000000
198.001540 0.000000 0.000000
198.362719 0.000000 0.000000
198.365962 0.000000 0.000000
198.413296 0.000000 0.000000
198.586428 0.000000 0.000000
198.713703 0.000000 0.000000
198.839849 0.000000 0.000000
198.995707 0.000000 0.000000
199.079292 0.000000 0.000000
199.113523 0.000000 0.000000
199.212204 0.000000 0.000000
199.502855 0.000000 0.000000
199.591972 0.000000 0.000000
199.623905 0.000000 0.000000
200.037291 0.000000 0.000000
200.070480 0.000000 0.000000
200.153194 0.000000 0.000000
200.214464 0.000000 0.000000
200.239179 0.000000 0.000000
200.290459 0.000000 0.000000
200.415803 0.000000 0.000000
200.572893 0.000000 0.000000
200.634217 0.000000 0.000000
200.728435 0.000000 0.000000
200.938313 0.000000 0.000000
200.970715 0.000000 0.000000
200.980982 0.000000 0.000000
201.087980 0.000000 0.000000
201.176759 0.000000 0.000000
201.303801 0.000000 0.000000
201.418566 0.000000 0.000000
201.435329 0.000000 0.000000
201.501545 0.000000 0.000000
201.529574 0.000000 0.000000
201.642918 0.000000 0.000000
201.659662 0.000000 0.000000
201.757794 0.000000 0.000000
201.820877 0.000000 0.000000
201.829971 0.000000 0.000000
202.012656 0.000000 0.000000
202.148821 0.000000 0.000000
202.272279 0.000000 0.000000
202.316055 0.000000 0.000000
202.411361 0.000000 0.000000
202.522242 0.000000 0.000000
202.530880 0.000000 0.000000
202.668602 0.000000 0.000000
202.851587 0.000000 0.000000
202.906747 0.000000 0.000000
202.949438 0.000000 0.000000
203.248247 0.000000 0.000000
203.396639 0.000000 0.000000
203.500472 0.000000 0.000000
203.563796 0.000000 0.000000
203.761897 0.000000 0.000000
203.875395 0.000000 0.000000
203.909863 0.000000 0.000000
204.185296 0.000000 0.000000
204.201188 0.000000 0.000000
204.300919 0.000000 0.000000
204.336752 0.000000 0.000000
204.405782 0.000000 0.000000
204.444533 0.000000 0.000000
204.458413 0.000000 0.000000
204.579029 0.000000 0.000000
204.580479 0.000000 0.000000
204.711794 0.000000 0.000000
204.803903 0.000000 0.000000
204.847386 0.000000 0.000000
204.957508 0.000000 0.000000
205.137684 0.000000 0.000000
205.216772 0.000000 0.000000
205.273067 0.000000 0.000000
205.443423 0.000000 0.000000
205.470036 0.000000 0.000000
205.640948 0.000000 0.000000
205.665798 0.000000 0.000000
205.842029 0.000000 0.000000
206.041194 0.000000 0.000000
206.202009 0.000000 0.000000
206.259753 0.000000 0.000000
206.292009 0.000000 0.000000
206.523887 0.000000 0.000000
206.591212 0.000000 0.000000
206.684972 0.000000 0.000000
206.789570 0.000000 0.000000
206.857725 0.000000 0.000000
206.952491 0.000000 0.000000
207.026525 0.000000 0.000000
207.081173 0.000000 0.000000
207.132800 0.000000 0.000000
207.404080 0.000000 0.000000
207.781139 0.000000 0.000000
207.867677 0.000000 0.000000
207.919566 0.000000 0.000000
208.197637 0.000000 0.000000
208.296446 0.000000 0.000000
208.471500 0.000000 0.000000
208.514003 0.000000 0.000000
208.617541 0.000000 0.000000
208.757950 0.000000 0.000000
208.962848 0.000000 0.000000
209.057801 0.000000 0.000000
209.136157 0.000000 0.000000
209.335245 0.000000 0.000000
209.387962 0.000000 0.000000
209.486152 0.000000 0.000000
209.566803 0.000000 0.000000
209.595505 0.000000 0.000000
209.691240 0.000000 0.000000
209.903481 0.000000 0.000000
209.917154 0.000000 0.000000
210.052496 0.000000 0.000000
210.116506 0.000000 0.000000
210.310782 0.000000 0.000000
210.428078 0.000000 0.000000
210.468784 0.000000 0.000000
210.631909 0.000000 0.000000
210.686025 0.000000 0.000000
210.739697 0.000000 0.000000
210.779569 0.000000 0.000000
210.978806 0.000000 0.000000
211.057962 0.000000 0.000000
211.228122 0.000000 0.000000
211.292562 0.000000 0.000000
211.295445 0.000000 0.000000
211.453513 0.000000 0.000000
211.610433 0.000000 0.000000
211.741752 0.000000 0.000000
211.868562 0.000000 0.000000
211.950683 0.000000 0.000000
211.985124 0.000000 0.000000
212.110393 0.000000 0.000000
212.202145 0.000000 0.000000
212.243439 0.000000 0.000000
212.332093 0.000000 0.000000
212.382814 0.000000 0.000000
212.576883 0.000000 0.000000
212.612050 0.000000 0.000000
212.765209 0.000000 0.000000
212.889366 0.000000 0.000000
212.891835 0.000000 0.000000
212.955805 0.000000 0.000000
213.283056 0.000000 0.000000
213.455355 0.000000 0.000000
213.511395 0.000000 0.000000
213.538638 0.000000 0.000000
213.638635 0.000000 0.000000
213.918836 0.000000 0.000000
213.986357 0.000000 0.000000
214.011806 0.000000 0.000000
214.139763 0.000000 0.000000
214.180322 0.000000 0.000000
214.254622 0.000000 0.000000
214.316255 0.000000 0.000000
214.373149 0.000000 0.000000
214.460836 0.000000 0.000000
214.582642 0.000000 0.000000
214.626351 0.000000 0.000000
214.676915 0.000000 0.000000
214.778204 0.000000 0.000000
214.835160 0.000000 0.000000
215.183784 0.000000 0.000000
215.264862 0.000000 0.000000
215.303841 0.000000 0.000000
215.526674 0.000000 0.000000
215.544338 0.000000 0.000000
215.598742 0.000000 0.000000
215.762908 0.000000 0.000000
215.814453 0.000000 0.000000
215.882393 0.000000 0.000000
215.943399 0.000000 0.000000
216.264866 0.000000 0.000000
216.418947 0.000000 0.000000
216.578070 0.000000 0.000000
216.679304 0.000000 0.000000
216.733465 0.000000 0.000000
216.811801 0.000000 0.000000
216.858917 0.000000 0.000000
216.902208 0.000000 0.000000
217.251932 0.000000 0.000000
217.310720 0.000000 0.000000
217.457580 0.000000 0.000000
217.527317 0.000000 0.000000
217.636541 0.000000 0.000000
217.850031 0.000000 0.000000
218.017734 0.000000 0.000000
218.262917 0.000000 0.000000
218.505181 0.000000 0.000000
218.827290 0.000000 0.000000
219.014682 0.000000 0.000000
219.136336 0.000000 0.000000
219.255215 0.000000 0.000000
219.605800 0.000000 0.000000
219.727783 0.000000 0.000000
219.871800 0.000000 0.000000
219.958347 0.000000 0.000000
220.006939 0.000000 0.000000
220.151578 0.000000 0.000000
220.211110 0.000000 0.000000
220.304279 0.000000 0.000000
220.316951 0.000000 0.000000
220.474898 0.000000 0.000000
220.519095 0.000000 0.000000
220.599557 0.000000 0.000000
220.698078 0.000000 0.000000
220.736053 0.000000 0.000000
220.822870 0.000000 0.000000
221.129066 0.000000 0.000000
221.194008 0.000000 0.000000
221.514225 0.000000 0.000000
221.547182 0.000000 0.000000
221.673029 0.000000 0.000000
221.723300 0.000000 0.000000
221.855396 0.000000 0.000000
222.041100 0.000000 0.000000
222.070353 0.000000 0.000000
222.409837 0.000000 0.000000
222.456686 0.000000 0.000000
222.516253 0.000000 0.000000
222.754765 0.000000 0.000000
222.773504 0.000000 0.000000
222.941903 0.000000 0.000000
222.951759 0.000000 0.000000
223.174792 0.000000 0.000000
223.287464 0.000000 0.000000
223.317097 0.000000 0.000000
223.521709 0.000000 0.000000
223.528236 0.000000 0.000000
223.707201 0.000000 0.000000
223.810258 0.000000 0.000000
223.858359 0.000000 0.000000
224.005669 0.000000 0.000000
224.160112 0.000000 0.000000
224.262918 0.000000 0.000000
224.569638 0.000000 0.000000
224.603542 0.000000 0.000000
224.770879 0.000000 0.000000
224.842148 0.000000 0.000000
224.860747 0.000000 0.000000
224.914322 0.000000 0.000000
225.056717 0.000000 0.000000
225.269956 0.000000 0.000000
225.418277 0.000000 0.000000
225.507988 0.000000 0.000000
225.599839 0.000000 0.000000
225.894250 0.000000 0.000000
226.044744 0.000000 0.000000
226.047384 0.000000 0.000000
226.173193 0.000000 0.000000
226.420485 0.000000 0.000000
226.604744 0.000000 0.000000
226.639009 0.000000 0.000000
226.646196 0.000000 0.000000
226.722945 0.000000 0.000000
226.796182 0.000000 0.000000
227.086714 0.000000 0.000000
227.196789 0.000000 0.000000
227.246454 0.000000 0.000000
227.405247 0.000000 0.000000
227.668996 0.000000 0.000000
227.824426 0.000000 0.000000
228.100704 0.000000 0.000000
228.156663 0.000000 0.000000
228.439722 0.000000 0.000000
228.546538 0.000000 0.000000
228.584133 0.000000 0.000000
228.672330 0.000000 0.000000
229.134371 0.000000 0.000000
229.403013 0.000000 0.000000
229.581021 0.000000 0.000000
229.585207 0.000000 0.000000
229.782634 0.000000 0.000000
229.988501 0.000000 0.000000
230.219037 0.000000 0.000000
230.244672 0.000000 0.000000
230.268526 0.000000 0.000000
230.388504 0.000000 0.000000
230.424819 0.000000 0.000000
230.585755 0.000000 0.000000
230.784076 0.000000 0.000000
230.841930 0.000000 0.000000
230.987260 0.000000 0.000000
231.087228 0.000000 0.000000
231.127013 0.000000 0.000000
231.350371 0.000000 0.000000
231.425374 0.000000 0.000000
232.018107 0.000000 0.000000
232.182774 0.000000 0.000000
232.303707 0.000000 0.000000
232.348230 0.000000 0.000000
232.519408 0.000000 0.000000
232.555265 0.000000 0.000000
232.583130 0.000000 0.000000
232.737649 0.000000 0.000000
232.908249 0.000000 0.000000
233.078287 0.000000 0.000000
233.399234 0.000000 0.000000
233.523496 0.000000 0.000000
233.566869 0.000000 0.000000
233.630991 0.000000 0.000000
233.668992 0.000000 0.000000
233.904608 0.000000 0.000000
234.186497 0.000000 0.000000
234.213818 0.000000 0.000000
234.274202 0.000000 0.000000
234.363107 0.000000 0.000000
234.435821 0.000000 0.000000
234.538955 0.000000 0.000000
234.780612 0.000000 0.000000
234.848342 0.000000 0.000000
235.098678 0.000000 0.000000
235.113814 0.000000 0.000000
235.283741 0.000000 0.000000
235.462926 0.000000 0.000000
235.673879 0.000000 0.000000
235.757462 0.000000 0.000000
235.972743 0.000000 0.000000
235.999891 0.000000 0.000000
236.232640 0.000000 0.000000
236.317593 0.000000 0.000000
236.370344 0.000000 0.000000
236.524615 0.000000 0.000000
236.848177 0.000000 0.000000
237.029042 0.000000 0.000000
237.031647 0.000000 0.000000
237.407512 0.000000 0.000000
237.642515 0.000000 0.000000
237.653938 0.000000 0.000000
237.755292 0.000000 0.000000
237.961218 0.000000 0.000000
238.160737 0.000000 0.000000
238.309875 0.000000 0.000000
238.505735 0.000000 0.000000
238.533773 0.000000 0.000000
238.765381 0.000000 0.000000
238.834995 0.000000 0.000000
238.993520 0.000000 0.000000
238.996314 0.000000 0.000000
239.541273 0.000000 0.000000
239.707323 0.000000 0.000000
239.912697 0.000000 0.000000
240.246229 0.000000 0.000000
240.465608 0.000000 0.000000
240.628143 0.000000 0.000000
240.677355 0.000000 0.000000
240.823429 0.000000 0.000000
240.832256 0.000000 0.000000
241.147283 0.000000 0.000000
241.169182 0.000000 0.000000
241.296825 0.000000 0.000000
241.398322 0.000000 0.000000
241.555968 0.000000 0.000000
241.657082 0.000000 0.000000
241.929851 0.000000 0.000000
242.461577 0.000000 0.000000
242.468099 0.000000 0.000000
243.037973 0.000000 0.000000
243.079419 0.000000 0.000000
243.214833 0.000000 0.000000
243.295496 0.000000 0.000000
243.670359 0.000000 0.000000
243.844658 0.000000 0.000000
244.036235 0.000000 0.000000
244.152238 0.000000 0.000000
244.252194 0.000000 0.000000
244.339119 0.000000 0.000000
244.597680 0.000000 0.000000
244.851559 0.000000 0.000000
244.869713 0.000000 0.000000
245.163679 0.000000 0.000000
245.217093 0.000000 0.000000
245.265226 0.000000 0.000000
245.384078 0.000000 0.000000
245.629117 0.000000 0.000000
245.890751 0.000000 0.000000
245.984283 0.000000 0.000000
246.135996 0.000000 0.000000
246.142619 0.000000 0.000000
246.659563 0.000000 0.000000
246.814416 0.000000 0.000000
247.000889 0.000000 0.000000
247.200663 0.000000 0.000000
247.338721 0.000000 0.000000
247.498024 0.000000 0.000000
247.552882 0.000000 0.000000
247.857758 0.000000 0.000000
247.931145 0.000000 0.000000
248.417854 0.000000 0.000000
248.526737 0.000000 0.000000
248.688515 0.000000 0.000000
248.757795 0.000000 0.000000
249.461931 0.000000 0.000000
249.987416 0.000000 0.000000
250.266655 0.000000 0.000000
250.290657 0.000000 0.000000
250.359088 0.000000 0.000000
250.780156 0.000000 0.000000
250.849957 0.000000 0.000000
250.849990 0.000000 0.000000
250.992248 0.000000 0.000000
251.317507 0.000000 0.000000
251.395103 0.000000 0.000000
251.773153 0.000000 0.000000
251.793431 0.000000 0.000000
251.866636 0.000000 0.000000
252.146561 0.000000 0.000000
252.457347 0.000000 0.000000
252.695505 0.000000 0.000000
252.974440 0.000000 0.000000
253.018977 0.000000 0.000000
253.169735 0.000000 0.000000
253.920641 0.000000 0.000000
254.333713 0.000000 0.000000
254.428362 0.000000 0.000000
254.639713 0.000000 0.000000
254.656185 0.000000 0.000000
254.824389 0.000000 0.000000
255.124197 0.000000 0.000000
255.132723 0.000000 0.000000
255.582837 0.000000 0.000000
255.627684 0.000000 0.000000
255.684084 0.000000 0.000000
255.905924 0.000000 0.000000
256.404112 0.000000 0.000000
256.560093 0.000000 0.000000
256.738927 0.000000 0.000000
256.863258 0.000000 0.000000
257.599079 0.000000 0.000000
257.688603 0.000000 0.000000
257.917624 0.000000 0.000000
257.934001 0.000000 0.000000
258.099674 0.000000 0.000000
258.555980 0.000000 0.000000
258.753225 0.000000 0.000000
259.281150 0.000000 0.000000
259.495669 0.000000 0.000000
260.013584 0.000000 0.000000
260.056294 0.000000 0.000000
260.127976 0.000000 0.000000
260.469648 0.000000 0.000000
260.807061 0.000000 0.000000
261.151417 0.000000 0.000000
261.247877 0.000000 0.000000
261.877483 0.000000 0.000000
262.129626 0.000000 0.000000
262.412354 0.000000 0.000000
262.764259 0.000000 0.000000
262.916582 0.000000 0.000000
263.062969 0.000000 0.000000
263.328280 0.000000 0.000000
263.469370 0.000000 0.000000
263.918110 0.000000 0.000000
264.121692 0.000000 0.000000
264.259321 0.000000 0.000000
264.657768 0.000000 0.000000
264.877229 0.000000 0.000000
265.198347 0.000000 0.000000
265.491630 0.000000 0.000000
265.804009 0.000000 0.000000
266.028532 0.000000 0.000000
266.352457 0.000000 0.000000
266.389014 0.000000 0.000000
266.697005 0.000000 0.000000
267.304818 0.000000 0.000000
267.454293 0.000000 0.000000
267.734943 0.000000 0.000000
267.878965 0.000000 0.000000
268.131968 0.000000 0.000000
268.274571 0.000000 0.000000
268.559929 0.000000 0.000000
269.237125 0.000000 0.000000
269.456799 0.000000 0.000000
270.769176 0.000000 0.000000
270.815348 0.000000 0.000000
271.077091 0.000000 0.000000
271.205724 0.000000 0.000000
271.943360 0.000000 0.000000
272.249006 0.000000 0.000000
272.311270 0.000000 0.000000
272.925022 0.000000 0.000000
272.953249 0.000000 0.000000
273.594464 0.000000 0.000000
274.023313 0.000000 0.000000
274.424272 0.000000 0.000000
274.570855 0.000000 0.000000
274.815961 0.000000 0.000000
275.471335 0.000000 0.000000
275.761936 0.000000 0.000000
276.350471 0.000000 0.000000
276.882709 0.000000 0.000000
276.973708 0.000000 0.000000
277.961360 0.000000 0.000000
278.534097 0.000000 0.000000
278.600674 0.000000 0.000000
278.657205 0.000000 0.000000
279.183435 0.000000 0.000000
279.687422 0.000000 0.000000
281.757512 0.000000 0.000000
281.814426 0.000000 0.000000
282.031483 0.000000 0.000000
282.112004 0.000000 0.000000
282.941194 0.000000 0.000000
284.485985 0.000000 0.000000
284.571600 0.000000 0.000000
285.153728 0.000000 0.000000
285.214558 0.000000 0.000000
285.755778 0.000000 0.000000
286.150652 0.000000 0.000000
286.347477 0.000000 0.000000
286.817640 0.000000 0.000000
287.837795 0.000000 0.000000
288.761569 0.000000 0.000000
289.473104 0.000000 0.000000
290.522056 0.000000 0.000000
290.980389 0.000000 0.000000
291.983317 0.000000 0.000000
293.058430 0.000000 0.000000
293.241326 0.000000 0.000000
294.570120 0.000000 0.000000
295.263106 0.000000 0.000000
295.753544 0.000000 0.000000
296.314283 0.000000 0.000000
296.508639 0.000000 0.000000
297.048058 0.000000 0.000000
297.552314 0.000000 0.000000
299.629810 0.000000 0.000000
300.832800 0.000000 0.000000
302.329138 0.000000 0.000000
305.508106 0.000000 0.000000
305.916148 0.000000 0.000000
306.097049 0.000000 0.000000
308.939058 0.000000 0.000000
309.578907 0.000000 0.000000
315.086595 0.000000 0.000000
315.114650 0.000000 0.000000
315.546823 0.000000 0.000000
318.708217 0.000000 0.000000
324.801853 0.000000 0.000000
327.818930 0.000000 0.000000
338.254297 0.000000 0.000000
