Number of states: 450
Sparse Hamiltonian computation time: 0 seconds 0 milliseconds
Time to set up matrix: 0 seconds 0 milliseconds
Diagonalization time: 2 seconds 0 milliseconds
Vab = 5.000000
w = 100.000000
b = 0.800000
E    Isym    Iasym
33.239966 0.000000 0.547355
38.504060 0.505153 0.000000
133.239966 0.000000 0.175154
135.271900 0.000000 0.149287
136.759416 0.190217 0.000000
138.504060 0.161649 0.000000
233.239966 0.000000 0.028025
234.055184 0.027766 0.000000
235.271900 0.000000 0.047772
236.759416 0.060869 0.000000
237.963049 0.000000 0.026255
238.504060 0.025864 0.000000
333.239966 0.000000 0.002989
334.055185 0.008885 0.000000
334.063976 0.000000 0.003026
335.271900 0.000000 0.007643
336.759417 0.009739 0.000000
337.920007 0.002745 0.000000
337.963049 0.000000 0.008402
338.504061 0.002759 0.000000
433.239971 0.000000 0.000239
434.055214 0.001422 0.000000
434.063996 0.000000 0.000968
434.698286 0.000254 0.000000
435.271922 0.000000 0.000815
436.759437 0.001039 0.000000
437.281299 0.000000 0.000210
437.920030 0.000878 0.000000
437.963081 0.000000 0.001344
438.504067 0.000221 0.000000
533.240041 0.000000 0.000015
534.055896 0.000151 0.000000
534.064668 0.000000 0.000155
534.698645 0.000081 0.000000
535.272300 0.000000 0.000065
535.544289 0.000000 0.000016
536.448221 0.000014 0.000000
536.759796 0.000083 0.000000
537.281710 0.000000 0.000067
537.920796 0.000141 0.000000
537.963817 0.000000 0.000144
538.504161 0.000014 0.000000
633.240736 0.000000 0.000001
634.064964 0.000012 0.000000
634.076319 0.000000 0.000016
634.707961 0.000013 0.000000
635.276558 0.000000 0.000004
635.548522 0.000000 0.000005
635.659534 0.000000 0.000001
636.347233 0.000001 0.000000
636.452947 0.000004 0.000000
636.763872 0.000005 0.000000
637.292201 0.000000 0.000011
637.934216 0.000015 0.000000
637.973899 0.000000 0.000012
638.505118 0.000001 0.000000
733.244894 0.000000 0.000000
734.123659 0.000000 0.000000
734.173311 0.000000 0.000001
734.817217 0.000001 0.000000
735.049474 0.000000 0.000000
735.303639 0.000000 0.000000
735.598184 0.000000 0.000000
735.722293 0.000000 0.000001
736.363399 0.000000 0.000000
736.550838 0.000001 0.000000
736.798233 0.000000 0.000000
736.973619 0.000000 0.000000
737.420012 0.000000 0.000001
738.079009 0.000000 0.000001
738.080069 0.000002 0.000000
738.513843 0.000000 0.000000
833.258936 0.000000 0.000000
834.257424 0.000000 0.000000
834.412772 0.000000 0.000000
834.671422 0.000000 0.000000
835.052542 0.000000 0.000000
835.256378 0.000000 0.000000
835.409682 0.000000 0.000000
835.638381 0.000000 0.000000
836.249451 0.000000 0.000000
836.398522 0.000000 0.000000
836.861756 0.000000 0.000000
837.089149 0.000000 0.000000
837.251823 0.000000 0.000000
837.474194 0.000000 0.000000
837.893171 0.000000 0.000000
838.513479 0.000000 0.000000
839.807786 0.000000 0.000000
839.849818 0.000000 0.000000
933.293927 0.000000 0.000000
934.451813 0.000000 0.000000
934.540338 0.000000 0.000000
934.613279 0.000000 0.000000
934.902698 0.000000 0.000000
935.431877 0.000000 0.000000
935.527108 0.000000 0.000000
935.598542 0.000000 0.000000
935.860962 0.000000 0.000000
936.493862 0.000000 0.000000
936.515466 0.000000 0.000000
937.079507 0.000000 0.000000
937.426986 0.000000 0.000000
937.437263 0.000000 0.000000
937.764337 0.000000 0.000000
938.506885 0.000000 0.000000
939.818729 0.000000 0.000000
939.822079 0.000000 0.000000
949.701320 0.000000 0.000000
949.703443 0.000000 0.000000
1033.365805 0.000000 0.000000
1034.595532 0.000000 0.000000
1034.648056 0.000000 0.000000
1034.785982 0.000000 0.000000
1034.913758 0.000000 0.000000
1035.382606 0.000000 0.000000
1035.583645 0.000000 0.000000
1035.859099 0.000000 0.000000
1035.882452 0.000000 0.000000
1036.147544 0.000000 0.000000
1036.628794 0.000000 0.000000
1036.670091 0.000000 0.000000
1037.267909 0.000000 0.000000
1037.479127 0.000000 0.000000
1037.640230 0.000000 0.000000
1038.427338 0.000000 0.000000
1039.832980 0.000000 0.000000
1039.840790 0.000000 0.000000
1049.727510 0.000000 0.000000
1049.730686 0.000000 0.000000
1074.060829 0.000000 0.000000
1074.061062 0.000000 0.000000
1133.485860 0.000000 0.000000
1134.766206 0.000000 0.000000
1134.878598 0.000000 0.000000
1134.943756 0.000000 0.000000
1135.038051 0.000000 0.000000
1135.471176 0.000000 0.000000
1135.784383 0.000000 0.000000
1135.812042 0.000000 0.000000
1135.974462 0.000000 0.000000
1135.979720 0.000000 0.000000
1136.426948 0.000000 0.000000
1136.772567 0.000000 0.000000
1136.801199 0.000000 0.000000
1137.379241 0.000000 0.000000
1137.463521 0.000000 0.000000
1138.251880 0.000000 0.000000
1139.740715 0.000000 0.000000
1139.979299 0.000000 0.000000
1149.720880 0.000000 0.000000
1149.724467 0.000000 0.000000
1174.065267 0.000000 0.000000
1174.066119 0.000000 0.000000
1217.855516 0.000000 0.000000
1217.855814 0.000000 0.000000
1233.641989 0.000000 0.000000
1235.031919 0.000000 0.000000
1235.051561 0.000000 0.000000
1235.153983 0.000000 0.000000
1235.191176 0.000000 0.000000
1235.785974 0.000000 0.000000
1235.825921 0.000000 0.000000
1235.953813 0.000000 0.000000
1235.959255 0.000000 0.000000
1236.044434 0.000000 0.000000
1236.050362 0.000000 0.000000
1236.769456 0.000000 0.000000
1236.873636 0.000000 0.000000
1236.891417 0.000000 0.000000
1237.310424 0.000000 0.000000
1237.919621 0.000000 0.000000
1239.451344 0.000000 0.000000
1240.266078 0.000000 0.000000
1249.703010 0.000000 0.000000
1249.725803 0.000000 0.000000
1274.061949 0.000000 0.000000
1274.061984 0.000000 0.000000
1317.800393 0.000000 0.000000
1317.802306 0.000000 0.000000
1333.807453 0.000000 0.000000
1335.110630 0.000000 0.000000
1335.224813 0.000000 0.000000
1335.351638 0.000000 0.000000
1335.660914 0.000000 0.000000
1335.905047 0.000000 0.000000
1335.915574 0.000000 0.000000
1335.977831 0.000000 0.000000
1335.979834 0.000000 0.000000
1336.016646 0.000000 0.000000
1336.089136 0.000000 0.000000
1336.096547 0.000000 0.000000
1336.917039 0.000000 0.000000
1337.004545 0.000000 0.000000
1337.120756 0.000000 0.000000
1337.934167 0.000000 0.000000
1338.644044 0.000000 0.000000
1340.503050 0.000000 0.000000
1349.603864 0.000000 0.000000
1349.836522 0.000000 0.000000
1374.058313 0.000000 0.000000
1374.059302 0.000000 0.000000
1386.696426 0.000000 0.000000
1386.696448 0.000000 0.000000
1417.802613 0.000000 0.000000
1417.805193 0.000000 0.000000
1433.985691 0.000000 0.000000
1435.199893 0.000000 0.000000
1435.355992 0.000000 0.000000
1435.652962 0.000000 0.000000
1435.826648 0.000000 0.000000
1435.895853 0.000000 0.000000
1435.952773 0.000000 0.000000
1435.960802 0.000000 0.000000
1436.041096 0.000000 0.000000
1436.042485 0.000000 0.000000
1436.064354 0.000000 0.000000
1436.070381 0.000000 0.000000
1436.311716 0.000000 0.000000
1437.045834 0.000000 0.000000
1437.067263 0.000000 0.000000
1437.851009 0.000000 0.000000
1439.096631 0.000000 0.000000
1439.846509 0.000000 0.000000
1449.162540 0.000000 0.000000
1450.282652 0.000000 0.000000
1474.043341 0.000000 0.000000
1474.077376 0.000000 0.000000
1486.747380 0.000000 0.000000
1486.747642 0.000000 0.000000
1517.820131 0.000000 0.000000
1517.822408 0.000000 0.000000
1534.187901 0.000000 0.000000
1535.339788 0.000000 0.000000
1535.511602 0.000000 0.000000
1535.822332 0.000000 0.000000
1535.875397 0.000000 0.000000
1535.958141 0.000000 0.000000
1535.968531 0.000000 0.000000
1535.995825 0.000000 0.000000
1535.999308 0.000000 0.000000
1536.021722 0.000000 0.000000
1536.033241 0.000000 0.000000
1536.682354 0.000000 0.000000
1537.167233 0.000000 0.000000
1537.603410 0.000000 0.000000
1539.293187 0.000000 0.000000
1539.864699 0.000000 0.000000
1548.567888 0.000000 0.000000
1550.676276 0.000000 0.000000
1573.924278 0.000000 0.000000
1574.220939 0.000000 0.000000
1586.742607 0.000000 0.000000
1586.743478 0.000000 0.000000
1590.145751 0.000000 0.000000
1590.145757 0.000000 0.000000
1617.840300 0.000000 0.000000
1617.840342 0.000000 0.000000
1634.418663 0.000000 0.000000
1635.477009 0.000000 0.000000
1635.736777 0.000000 0.000000
1635.929923 0.000000 0.000000
1635.980379 0.000000 0.000000
1635.992549 0.000000 0.000000
1635.993822 0.000000 0.000000
1635.997982 0.000000 0.000000
1635.998953 0.000000 0.000000
1636.046481 0.000000 0.000000
1637.078313 0.000000 0.000000
1637.541586 0.000000 0.000000
1639.156358 0.000000 0.000000
1640.012466 0.000000 0.000000
1649.335526 0.000000 0.000000
1649.866743 0.000000 0.000000
1673.426042 0.000000 0.000000
1674.739905 0.000000 0.000000
1686.725765 0.000000 0.000000
1686.726373 0.000000 0.000000
1690.124392 0.000000 0.000000
1690.124469 0.000000 0.000000
1717.848168 0.000000 0.000000
1717.882792 0.000000 0.000000
1734.719738 0.000000 0.000000
1735.667894 0.000000 0.000000
1735.907318 0.000000 0.000000
1735.971157 0.000000 0.000000
1735.983705 0.000000 0.000000
1736.005712 0.000000 0.000000
1736.027736 0.000000 0.000000
1736.039886 0.000000 0.000000
1736.335787 0.000000 0.000000
1737.550765 0.000000 0.000000
1739.182193 0.000000 0.000000
1739.948103 0.000000 0.000000
1749.277833 0.000000 0.000000
1750.034629 0.000000 0.000000
1772.882711 0.000000 0.000000
1775.196590 0.000000 0.000000
1786.714807 0.000000 0.000000
1786.715592 0.000000 0.000000
1790.105230 0.000000 0.000000
1790.105677 0.000000 0.000000
1817.755372 0.000000 0.000000
1818.041601 0.000000 0.000000
1835.135990 0.000000 0.000000
1835.868660 0.000000 0.000000
1835.953625 0.000000 0.000000
1835.997561 0.000000 0.000000
1836.043060 0.000000 0.000000
1836.048920 0.000000 0.000000
1836.164566 0.000000 0.000000
1836.974283 0.000000 0.000000
1839.487973 0.000000 0.000000
1839.651985 0.000000 0.000000
1849.271020 0.000000 0.000000
1850.020369 0.000000 0.000000
1854.049145 0.000000 0.000000
1854.049146 0.000000 0.000000
1873.732596 0.000000 0.000000
1874.320917 0.000000 0.000000
1886.723199 0.000000 0.000000
1886.725511 0.000000 0.000000
1890.094852 0.000000 0.000000
1890.096058 0.000000 0.000000
1917.277689 0.000000 0.000000
1918.571482 0.000000 0.000000
1935.653188 0.000000 0.000000
1935.956168 0.000000 0.000000
1936.040631 0.000000 0.000000
1936.054630 0.000000 0.000000
1936.123318 0.000000 0.000000
1936.619118 0.000000 0.000000
1938.792821 0.000000 0.000000
1940.130519 0.000000 0.000000
1949.110830 0.000000 0.000000
1950.107904 0.000000 0.000000
1954.058722 0.000000 0.000000
1954.058751 0.000000 0.000000
1973.608885 0.000000 0.000000
1974.366363 0.000000 0.000000
1986.765665 0.000000 0.000000
1986.792971 0.000000 0.000000
1990.095839 0.000000 0.000000
1990.096970 0.000000 0.000000
2016.633890 0.000000 0.000000
2019.189027 0.000000 0.000000
2035.995859 0.000000 0.000000
2036.046472 0.000000 0.000000
2036.278525 0.000000 0.000000
2036.489100 0.000000 0.000000
2038.504058 0.000000 0.000000
2040.004559 0.000000 0.000000
2049.592322 0.000000 0.000000
2049.661212 0.000000 0.000000
2054.071965 0.000000 0.000000
2054.072378 0.000000 0.000000
2073.457729 0.000000 0.000000
2074.428271 0.000000 0.000000
2086.679558 0.000000 0.000000
2086.873516 0.000000 0.000000
2090.115835 0.000000 0.000000
2090.115920 0.000000 0.000000
2117.381393 0.000000 0.000000
2118.473210 0.000000 0.000000
2136.416170 0.000000 0.000000
2136.468052 0.000000 0.000000
2138.825589 0.000000 0.000000
2139.541335 0.000000 0.000000
2148.885927 0.000000 0.000000
2150.317787 0.000000 0.000000
2154.090699 0.000000 0.000000
2154.094707 0.000000 0.000000
2173.532664 0.000000 0.000000
2174.398666 0.000000 0.000000
2186.179469 0.000000 0.000000
2187.164510 0.000000 0.000000
2190.165102 0.000000 0.000000
2190.165355 0.000000 0.000000
2217.778711 0.000000 0.000000
2218.154590 0.000000 0.000000
2239.108569 0.000000 0.000000
2239.273480 0.000000 0.000000
2248.775646 0.000000 0.000000
2250.203573 0.000000 0.000000
2254.143001 0.000000 0.000000
2254.161863 0.000000 0.000000
2273.831864 0.000000 0.000000
2274.114178 0.000000 0.000000
2285.444444 0.000000 0.000000
2287.982674 0.000000 0.000000
2290.117709 0.000000 0.000000
2290.138763 0.000000 0.000000
2317.134198 0.000000 0.000000
2318.748858 0.000000 0.000000
2349.125825 0.000000 0.000000
2349.565433 0.000000 0.000000
2354.225648 0.000000 0.000000
2354.228145 0.000000 0.000000
2373.174266 0.000000 0.000000
2374.874797 0.000000 0.000000
2385.467875 0.000000 0.000000
2387.653853 0.000000 0.000000
2390.136276 0.000000 0.000000
2390.286130 0.000000 0.000000
2417.834589 0.000000 0.000000
2418.088585 0.000000 0.000000
2454.013050 0.000000 0.000000
2454.019969 0.000000 0.000000
2473.563403 0.000000 0.000000
2474.422933 0.000000 0.000000
2486.160071 0.000000 0.000000
2486.174335 0.000000 0.000000
2490.425133 0.000000 0.000000
2490.874352 0.000000 0.000000
2517.317641 0.000000 0.000000
2518.473745 0.000000 0.000000
2554.076781 0.000000 0.000000
2554.081712 0.000000 0.000000
2585.476771 0.000000 0.000000
2587.367142 0.000000 0.000000
2589.417943 0.000000 0.000000
2591.237479 0.000000 0.000000
2617.239435 0.000000 0.000000
2618.547158 0.000000 0.000000
2654.066550 0.000000 0.000000
2654.066710 0.000000 0.000000
2686.545838 0.000000 0.000000
2686.805672 0.000000 0.000000
2688.394705 0.000000 0.000000
2691.765333 0.000000 0.000000
2753.993956 0.000000 0.000000
2754.012145 0.000000 0.000000
2785.529262 0.000000 0.000000
2787.330747 0.000000 0.000000
2789.536741 0.000000 0.000000
2791.209518 0.000000 0.000000
2853.964158 0.000000 0.000000
2854.050497 0.000000 0.000000
2889.948712 0.000000 0.000000
2890.164514 0.000000 0.000000
2953.736938 0.000000 0.000000
2954.267856 0.000000 0.000000
2988.959597 0.000000 0.000000
2991.326854 0.000000 0.000000
3052.986160 0.000000 0.000000
3055.058208 0.000000 0.000000
3151.869630 0.000000 0.000000
3156.131827 0.000000 0.000000
3252.538711 0.000000 0.000000
3255.588029 0.000000 0.000000
