Number of states: 450
Sparse Hamiltonian computation time: 0 seconds 0 milliseconds
Time to set up matrix: 0 seconds 0 milliseconds
Diagonalization time: 2 seconds 0 milliseconds
Vab = 25.000000
w = 100.000000
b = 0.800000
E    Isym    Iasym
20.139734 0.000000 0.608480
45.449128 0.398457 0.000000
120.139734 0.000000 0.194714
132.069134 0.000000 0.090557
140.778032 0.293319 0.000000
145.449128 0.127506 0.000000
220.139734 0.000000 0.031154
226.336297 0.031719 0.000000
232.069134 0.000000 0.028978
240.778032 0.093862 0.000000
245.449128 0.020401 0.000000
246.053292 0.000000 0.023154
320.139735 0.000000 0.003323
326.336298 0.010150 0.000000
326.352132 0.000000 0.003793
332.069135 0.000000 0.004637
340.778032 0.015018 0.000000
345.206394 0.002264 0.000000
345.449129 0.002176 0.000000
346.053293 0.000000 0.007409
420.139737 0.000000 0.000266
426.336323 0.001624 0.000000
426.352147 0.000000 0.001214
429.678565 0.000377 0.000000
432.069157 0.000000 0.000495
440.778051 0.001602 0.000000
441.831291 0.000000 0.000144
445.206425 0.000725 0.000000
445.449139 0.000174 0.000000
446.053333 0.000000 0.001185
520.139775 0.000000 0.000017
526.336926 0.000173 0.000000
526.352677 0.000000 0.000194
529.678838 0.000121 0.000000
532.069569 0.000000 0.000040
534.043496 0.000000 0.000020
537.800131 0.000011 0.000000
540.778379 0.000128 0.000000
541.831829 0.000000 0.000046
545.207451 0.000116 0.000000
545.449293 0.000011 0.000000
546.054238 0.000000 0.000126
620.140176 0.000000 0.000001
626.345264 0.000014 0.000000
626.362147 0.000000 0.000021
629.685983 0.000019 0.000000
632.074266 0.000000 0.000003
634.046661 0.000000 0.000006
634.065585 0.000000 0.000001
637.805868 0.000003 0.000000
638.076725 0.000001 0.000000
640.782029 0.000008 0.000000
641.845395 0.000000 0.000007
645.224736 0.000012 0.000000
645.450878 0.000001 0.000000
646.066099 0.000000 0.000010
720.142985 0.000000 0.000000
726.412108 0.000001 0.000000
726.453076 0.000000 0.000002
729.775133 0.000002 0.000000
731.134218 0.000000 0.000000
732.107980 0.000000 0.000000
734.056459 0.000000 0.000000
734.157450 0.000000 0.000001
737.896186 0.000000 0.000000
738.118669 0.000001 0.000000
740.807917 0.000000 0.000000
741.121867 0.000000 0.000000
742.009915 0.000000 0.000001
745.373445 0.000001 0.000000
745.476615 0.000000 0.000000
746.162506 0.000000 0.000001
820.155826 0.000000 0.000000
826.681947 0.000000 0.000000
826.866742 0.000000 0.000000
829.273845 0.000000 0.000000
830.234044 0.000000 0.000000
831.337628 0.000000 0.000000
832.254824 0.000000 0.000000
834.073598 0.000000 0.000000
835.047551 0.000000 0.000000
838.004436 0.000000 0.000000
839.167998 0.000000 0.000000
840.931186 0.000000 0.000000
841.227334 0.000000 0.000000
842.963862 0.000000 0.000000
843.097826 0.000000 0.000000
845.465397 0.000000 0.000000
846.464769 0.000000 0.000000
846.788800 0.000000 0.000000
920.195743 0.000000 0.000000
927.247887 0.000000 0.000000
927.682107 0.000000 0.000000
928.569748 0.000000 0.000000
929.653416 0.000000 0.000000
931.113496 0.000000 0.000000
932.349319 0.000000 0.000000
932.731497 0.000000 0.000000
934.216021 0.000000 0.000000
937.201351 0.000000 0.000000
938.112025 0.000000 0.000000
941.128292 0.000000 0.000000
942.045311 0.000000 0.000000
942.093820 0.000000 0.000000
943.653186 0.000000 0.000000
944.428959 0.000000 0.000000
945.622426 0.000000 0.000000
946.018513 0.000000 0.000000
952.603666 0.000000 0.000000
952.775618 0.000000 0.000000
1020.291253 0.000000 0.000000
1028.078764 0.000000 0.000000
1028.582501 0.000000 0.000000
1028.882570 0.000000 0.000000
1029.206814 0.000000 0.000000
1031.295458 0.000000 0.000000
1032.518970 0.000000 0.000000
1033.713198 0.000000 0.000000
1034.050929 0.000000 0.000000
1034.797431 0.000000 0.000000
1038.437178 0.000000 0.000000
1038.446580 0.000000 0.000000
1041.609836 0.000000 0.000000
1042.991114 0.000000 0.000000
1043.050783 0.000000 0.000000
1043.880639 0.000000 0.000000
1045.877550 0.000000 0.000000
1045.917583 0.000000 0.000000
1052.927239 0.000000 0.000000
1052.962260 0.000000 0.000000
1074.956024 0.000000 0.000000
1074.988759 0.000000 0.000000
1120.483647 0.000000 0.000000
1129.040312 0.000000 0.000000
1129.234924 0.000000 0.000000
1129.805749 0.000000 0.000000
1129.852085 0.000000 0.000000
1131.559514 0.000000 0.000000
1133.499866 0.000000 0.000000
1133.662971 0.000000 0.000000
1135.189475 0.000000 0.000000
1135.724266 0.000000 0.000000
1135.980715 0.000000 0.000000
1138.976426 0.000000 0.000000
1139.168735 0.000000 0.000000
1142.131371 0.000000 0.000000
1142.267025 0.000000 0.000000
1143.689347 0.000000 0.000000
1144.873342 0.000000 0.000000
1146.294709 0.000000 0.000000
1152.577458 0.000000 0.000000
1153.150811 0.000000 0.000000
1175.075094 0.000000 0.000000
1175.147563 0.000000 0.000000
1216.400973 0.000000 0.000000
1216.469388 0.000000 0.000000
1220.822036 0.000000 0.000000
1230.003760 0.000000 0.000000
1230.364335 0.000000 0.000000
1230.714640 0.000000 0.000000
1230.888066 0.000000 0.000000
1232.874022 0.000000 0.000000
1234.000084 0.000000 0.000000
1234.919448 0.000000 0.000000
1235.468577 0.000000 0.000000
1236.697652 0.000000 0.000000
1237.390459 0.000000 0.000000
1238.355019 0.000000 0.000000
1239.670209 0.000000 0.000000
1240.045649 0.000000 0.000000
1241.162157 0.000000 0.000000
1242.759090 0.000000 0.000000
1244.133075 0.000000 0.000000
1246.425415 0.000000 0.000000
1252.617531 0.000000 0.000000
1252.639879 0.000000 0.000000
1275.001779 0.000000 0.000000
1275.060815 0.000000 0.000000
1315.364242 0.000000 0.000000
1315.550086 0.000000 0.000000
1321.353781 0.000000 0.000000
1331.151094 0.000000 0.000000
1331.413808 0.000000 0.000000
1331.493216 0.000000 0.000000
1331.672912 0.000000 0.000000
1334.447600 0.000000 0.000000
1334.740774 0.000000 0.000000
1335.011760 0.000000 0.000000
1335.474734 0.000000 0.000000
1335.774066 0.000000 0.000000
1337.320258 0.000000 0.000000
1337.868201 0.000000 0.000000
1340.219416 0.000000 0.000000
1340.396205 0.000000 0.000000
1340.647590 0.000000 0.000000
1340.837095 0.000000 0.000000
1343.172205 0.000000 0.000000
1345.635512 0.000000 0.000000
1351.966939 0.000000 0.000000
1353.270884 0.000000 0.000000
1374.811084 0.000000 0.000000
1374.963980 0.000000 0.000000
1387.234172 0.000000 0.000000
1387.236200 0.000000 0.000000
1415.341725 0.000000 0.000000
1415.596314 0.000000 0.000000
1422.119671 0.000000 0.000000
1431.789942 0.000000 0.000000
1432.241348 0.000000 0.000000
1432.399351 0.000000 0.000000
1432.795973 0.000000 0.000000
1434.395161 0.000000 0.000000
1434.966160 0.000000 0.000000
1435.312145 0.000000 0.000000
1436.533176 0.000000 0.000000
1436.761560 0.000000 0.000000
1437.086570 0.000000 0.000000
1437.291919 0.000000 0.000000
1437.742507 0.000000 0.000000
1440.101103 0.000000 0.000000
1440.629229 0.000000 0.000000
1441.680574 0.000000 0.000000
1442.122768 0.000000 0.000000
1443.772657 0.000000 0.000000
1449.971984 0.000000 0.000000
1454.854997 0.000000 0.000000
1474.768622 0.000000 0.000000
1474.993841 0.000000 0.000000
1488.451362 0.000000 0.000000
1488.491280 0.000000 0.000000
1515.595936 0.000000 0.000000
1515.714686 0.000000 0.000000
1523.135764 0.000000 0.000000
1532.315420 0.000000 0.000000
1532.480271 0.000000 0.000000
1533.391025 0.000000 0.000000
1533.736603 0.000000 0.000000
1535.172748 0.000000 0.000000
1535.395288 0.000000 0.000000
1535.749504 0.000000 0.000000
1536.125534 0.000000 0.000000
1536.216214 0.000000 0.000000
1537.400656 0.000000 0.000000
1538.214572 0.000000 0.000000
1540.673483 0.000000 0.000000
1541.098635 0.000000 0.000000
1542.871004 0.000000 0.000000
1544.342556 0.000000 0.000000
1546.362801 0.000000 0.000000
1555.003985 0.000000 0.000000
1574.319075 0.000000 0.000000
1575.958121 0.000000 0.000000
1588.226806 0.000000 0.000000
1588.318845 0.000000 0.000000
1592.447653 0.000000 0.000000
1592.456881 0.000000 0.000000
1615.972320 0.000000 0.000000
1615.994981 0.000000 0.000000
1624.207473 0.000000 0.000000
1632.656496 0.000000 0.000000
1632.925435 0.000000 0.000000
1634.341338 0.000000 0.000000
1635.185172 0.000000 0.000000
1635.705944 0.000000 0.000000
1635.857003 0.000000 0.000000
1636.044538 0.000000 0.000000
1636.056028 0.000000 0.000000
1636.765646 0.000000 0.000000
1639.664304 0.000000 0.000000
1641.092320 0.000000 0.000000
1642.768209 0.000000 0.000000
1644.021558 0.000000 0.000000
1649.760777 0.000000 0.000000
1651.027973 0.000000 0.000000
1672.077592 0.000000 0.000000
1678.498304 0.000000 0.000000
1687.899619 0.000000 0.000000
1687.913951 0.000000 0.000000
1691.857172 0.000000 0.000000
1691.884103 0.000000 0.000000
1716.333416 0.000000 0.000000
1716.754965 0.000000 0.000000
1725.186144 0.000000 0.000000
1732.816615 0.000000 0.000000
1733.846972 0.000000 0.000000
1735.235184 0.000000 0.000000
1735.585092 0.000000 0.000000
1735.838079 0.000000 0.000000
1736.017683 0.000000 0.000000
1736.981688 0.000000 0.000000
1737.050532 0.000000 0.000000
1741.204328 0.000000 0.000000
1741.897885 0.000000 0.000000
1743.603038 0.000000 0.000000
1750.129336 0.000000 0.000000
1752.744957 0.000000 0.000000
1769.012824 0.000000 0.000000
1779.687635 0.000000 0.000000
1787.592886 0.000000 0.000000
1787.747460 0.000000 0.000000
1791.372825 0.000000 0.000000
1791.428275 0.000000 0.000000
1816.511061 0.000000 0.000000
1818.124589 0.000000 0.000000
1826.428569 0.000000 0.000000
1833.974181 0.000000 0.000000
1834.155482 0.000000 0.000000
1835.524109 0.000000 0.000000
1835.877684 0.000000 0.000000
1836.634308 0.000000 0.000000
1837.149697 0.000000 0.000000
1837.844997 0.000000 0.000000
1842.342862 0.000000 0.000000
1843.175201 0.000000 0.000000
1850.125407 0.000000 0.000000
1852.165557 0.000000 0.000000
1855.507809 0.000000 0.000000
1855.508070 0.000000 0.000000
1873.052535 0.000000 0.000000
1875.065474 0.000000 0.000000
1887.881067 0.000000 0.000000
1887.911477 0.000000 0.000000
1891.105523 0.000000 0.000000
1891.224296 0.000000 0.000000
1914.595198 0.000000 0.000000
1921.176291 0.000000 0.000000
1928.116807 0.000000 0.000000
1934.433809 0.000000 0.000000
1935.213746 0.000000 0.000000
1936.345748 0.000000 0.000000
1936.905255 0.000000 0.000000
1937.545295 0.000000 0.000000
1939.051787 0.000000 0.000000
1943.841211 0.000000 0.000000
1948.840895 0.000000 0.000000
1952.502014 0.000000 0.000000
1955.728665 0.000000 0.000000
1955.729820 0.000000 0.000000
1971.827477 0.000000 0.000000
1974.816463 0.000000 0.000000
1988.655241 0.000000 0.000000
1989.241098 0.000000 0.000000
1991.179809 0.000000 0.000000
1991.239781 0.000000 0.000000
2011.519610 0.000000 0.000000
2023.559804 0.000000 0.000000
2030.254038 0.000000 0.000000
2035.141656 0.000000 0.000000
2036.625479 0.000000 0.000000
2037.255974 0.000000 0.000000
2037.533993 0.000000 0.000000
2042.059841 0.000000 0.000000
2050.656903 0.000000 0.000000
2050.901486 0.000000 0.000000
2056.007947 0.000000 0.000000
2056.036442 0.000000 0.000000
2070.490738 0.000000 0.000000
2074.753580 0.000000 0.000000
2087.945283 0.000000 0.000000
2089.142447 0.000000 0.000000
2091.731260 0.000000 0.000000
2091.751731 0.000000 0.000000
2115.614337 0.000000 0.000000
2120.310314 0.000000 0.000000
2132.895483 0.000000 0.000000
2136.503955 0.000000 0.000000
2137.647195 0.000000 0.000000
2139.791603 0.000000 0.000000
2147.438195 0.000000 0.000000
2153.305203 0.000000 0.000000
2156.305478 0.000000 0.000000
2156.645027 0.000000 0.000000
2170.897988 0.000000 0.000000
2174.956342 0.000000 0.000000
2184.125397 0.000000 0.000000
2189.293152 0.000000 0.000000
2192.476890 0.000000 0.000000
2192.683352 0.000000 0.000000
2218.085948 0.000000 0.000000
2219.632204 0.000000 0.000000
2236.258442 0.000000 0.000000
2239.012913 0.000000 0.000000
2245.827738 0.000000 0.000000
2251.380224 0.000000 0.000000
2256.888230 0.000000 0.000000
2257.525728 0.000000 0.000000
2272.046364 0.000000 0.000000
2274.211750 0.000000 0.000000
2281.974554 0.000000 0.000000
2290.696196 0.000000 0.000000
2291.507358 0.000000 0.000000
2294.571884 0.000000 0.000000
2314.685083 0.000000 0.000000
2322.157041 0.000000 0.000000
2344.690987 0.000000 0.000000
2348.212884 0.000000 0.000000
2357.612814 0.000000 0.000000
2357.622746 0.000000 0.000000
2370.192524 0.000000 0.000000
2378.148304 0.000000 0.000000
2380.785138 0.000000 0.000000
2388.633646 0.000000 0.000000
2391.623125 0.000000 0.000000
2395.035911 0.000000 0.000000
2418.376627 0.000000 0.000000
2419.319703 0.000000 0.000000
2454.161217 0.000000 0.000000
2455.115344 0.000000 0.000000
2470.417799 0.000000 0.000000
2476.264781 0.000000 0.000000
2481.731713 0.000000 0.000000
2483.399633 0.000000 0.000000
2495.470155 0.000000 0.000000
2497.803010 0.000000 0.000000
2514.887081 0.000000 0.000000
2519.888154 0.000000 0.000000
2555.899932 0.000000 0.000000
2556.485840 0.000000 0.000000
2578.749883 0.000000 0.000000
2588.484910 0.000000 0.000000
2589.198353 0.000000 0.000000
2598.373223 0.000000 0.000000
2614.263708 0.000000 0.000000
2620.571621 0.000000 0.000000
2655.748540 0.000000 0.000000
2655.844312 0.000000 0.000000
2682.458776 0.000000 0.000000
2686.170221 0.000000 0.000000
2687.454181 0.000000 0.000000
2699.168661 0.000000 0.000000
2753.662487 0.000000 0.000000
2754.911059 0.000000 0.000000
2780.320579 0.000000 0.000000
2788.384331 0.000000 0.000000
2790.609016 0.000000 0.000000
2798.350943 0.000000 0.000000
2853.929982 0.000000 0.000000
2854.919862 0.000000 0.000000
2889.734725 0.000000 0.000000
2890.909668 0.000000 0.000000
2952.815903 0.000000 0.000000
2955.963146 0.000000 0.000000
2986.803336 0.000000 0.000000
2997.907304 0.000000 0.000000
3049.418175 0.000000 0.000000
3060.217577 0.000000 0.000000
3143.852284 0.000000 0.000000
3164.835494 0.000000 0.000000
3248.253784 0.000000 0.000000
3263.466176 0.000000 0.000000
