Number of states: 450
Sparse Hamiltonian computation time: 0 seconds 0 milliseconds
Time to set up matrix: 0 seconds 0 milliseconds
Diagonalization time: 2 seconds 0 milliseconds
Vab = 50.000000
w = 100.000000
b = 0.800000
E    Isym    Iasym
0.619927 0.000000 0.653090
46.011824 0.255244 0.000000
100.619927 0.000000 0.208989
125.843410 0.000000 0.049288
146.011824 0.081678 0.000000
149.845222 0.425560 0.000000
200.619927 0.000000 0.033438
216.368630 0.043031 0.000000
225.843410 0.000000 0.015772
246.011824 0.013068 0.000000
249.845222 0.136179 0.000000
256.301281 0.000000 0.018012
300.619927 0.000000 0.003567
316.368630 0.013770 0.000000
317.689354 0.000000 0.005641
325.843411 0.000000 0.002524
346.011825 0.001394 0.000000
349.845223 0.021789 0.000000
352.165856 0.001681 0.000000
356.301283 0.000000 0.005764
400.619928 0.000000 0.000285
416.368652 0.002203 0.000000
417.689365 0.000000 0.001805
425.506262 0.000624 0.000000
425.843434 0.000000 0.000269
444.891717 0.000000 0.000090
446.011840 0.000112 0.000000
449.845243 0.002324 0.000000
452.165903 0.000538 0.000000
456.301347 0.000000 0.000922
500.619946 0.000000 0.000018
516.369171 0.000235 0.000000
517.689755 0.000000 0.000289
525.506451 0.000200 0.000000
525.843853 0.000000 0.000022
534.393751 0.000000 0.000026
537.374181 0.000008 0.000000
544.892439 0.000000 0.000029
546.012053 0.000007 0.000000
549.845596 0.000186 0.000000
552.167444 0.000086 0.000000
556.302743 0.000000 0.000098
600.620149 0.000000 0.000001
616.376539 0.000019 0.000000
617.696890 0.000000 0.000031
625.511430 0.000032 0.000000
625.848703 0.000000 0.000001
630.701683 0.000000 0.000000
634.396218 0.000000 0.000008
637.381116 0.000003 0.000000
642.015519 0.000001 0.000000
644.910374 0.000000 0.000005
646.014103 0.000000 0.000000
649.849360 0.000012 0.000000
652.192818 0.000009 0.000000
656.320294 0.000000 0.000008
700.621674 0.000000 0.000000
716.438978 0.000001 0.000000
717.768067 0.000000 0.000002
725.479035 0.000000 0.000000
725.577494 0.000003 0.000000
725.884614 0.000000 0.000000
730.745877 0.000000 0.000000
734.441420 0.000000 0.000001
737.506103 0.000000 0.000000
742.038850 0.000000 0.000000
745.122027 0.000000 0.000001
746.027154 0.000000 0.000000
747.473783 0.000000 0.000000
749.873196 0.000001 0.000000
752.422192 0.000001 0.000000
756.451987 0.000000 0.000001
800.629535 0.000000 0.000000
816.738524 0.000000 0.000000
818.132408 0.000000 0.000000
822.197281 0.000000 0.000000
825.556795 0.000000 0.000000
826.048271 0.000000 0.000000
826.053666 0.000000 0.000000
831.225603 0.000000 0.000000
834.821261 0.000000 0.000000
838.423745 0.000000 0.000000
842.381488 0.000000 0.000000
846.080501 0.000000 0.000000
846.317770 0.000000 0.000000
847.721779 0.000000 0.000000
849.952265 0.000000 0.000000
850.416900 0.000000 0.000000
853.673715 0.000000 0.000000
857.105292 0.000000 0.000000
900.658130 0.000000 0.000000
917.561446 0.000000 0.000000
919.036286 0.000000 0.000000
921.144765 0.000000 0.000000
922.659968 0.000000 0.000000
926.215239 0.000000 0.000000
926.624718 0.000000 0.000000
927.494510 0.000000 0.000000
932.562397 0.000000 0.000000
936.531740 0.000000 0.000000
940.185964 0.000000 0.000000
945.216408 0.000000 0.000000
946.222182 0.000000 0.000000
947.686092 0.000000 0.000000
950.116952 0.000000 0.000000
950.799154 0.000000 0.000000
951.275609 0.000000 0.000000
952.272857 0.000000 0.000000
958.963478 0.000000 0.000000
960.266890 0.000000 0.000000
1000.737404 0.000000 0.000000
1019.111398 0.000000 0.000000
1020.374303 0.000000 0.000000
1021.895622 0.000000 0.000000
1022.155272 0.000000 0.000000
1024.857075 0.000000 0.000000
1027.993116 0.000000 0.000000
1028.176547 0.000000 0.000000
1030.307326 0.000000 0.000000
1033.710116 0.000000 0.000000
1039.443368 0.000000 0.000000
1040.949827 0.000000 0.000000
1046.500459 0.000000 0.000000
1048.979575 0.000000 0.000000
1049.198357 0.000000 0.000000
1049.612289 0.000000 0.000000
1050.725179 0.000000 0.000000
1053.128485 0.000000 0.000000
1058.559099 0.000000 0.000000
1060.375430 0.000000 0.000000
1077.237307 0.000000 0.000000
1077.337056 0.000000 0.000000
1100.919011 0.000000 0.000000
1121.328712 0.000000 0.000000
1121.853975 0.000000 0.000000
1122.934032 0.000000 0.000000
1123.682745 0.000000 0.000000
1125.803835 0.000000 0.000000
1129.426273 0.000000 0.000000
1129.842396 0.000000 0.000000
1131.291225 0.000000 0.000000
1134.837833 0.000000 0.000000
1135.108245 0.000000 0.000000
1141.613139 0.000000 0.000000
1141.947706 0.000000 0.000000
1146.990920 0.000000 0.000000
1147.205745 0.000000 0.000000
1149.922448 0.000000 0.000000
1151.219817 0.000000 0.000000
1151.413158 0.000000 0.000000
1157.553189 0.000000 0.000000
1160.715310 0.000000 0.000000
1178.035484 0.000000 0.000000
1178.127667 0.000000 0.000000
1201.267394 0.000000 0.000000
1212.514946 0.000000 0.000000
1213.161089 0.000000 0.000000
1223.679107 0.000000 0.000000
1224.535458 0.000000 0.000000
1224.917476 0.000000 0.000000
1225.248628 0.000000 0.000000
1229.354331 0.000000 0.000000
1230.249121 0.000000 0.000000
1233.158295 0.000000 0.000000
1234.015927 0.000000 0.000000
1236.865787 0.000000 0.000000
1238.310554 0.000000 0.000000
1241.468511 0.000000 0.000000
1242.782615 0.000000 0.000000
1244.509220 0.000000 0.000000
1245.330743 0.000000 0.000000
1247.639400 0.000000 0.000000
1250.118835 0.000000 0.000000
1252.103189 0.000000 0.000000
1257.333769 0.000000 0.000000
1258.614712 0.000000 0.000000
1277.412101 0.000000 0.000000
1278.478497 0.000000 0.000000
1301.851639 0.000000 0.000000
1310.910137 0.000000 0.000000
1311.422829 0.000000 0.000000
1325.226036 0.000000 0.000000
1326.065797 0.000000 0.000000
1326.644745 0.000000 0.000000
1326.656078 0.000000 0.000000
1332.049728 0.000000 0.000000
1332.555311 0.000000 0.000000
1333.545176 0.000000 0.000000
1334.930201 0.000000 0.000000
1335.404898 0.000000 0.000000
1337.507812 0.000000 0.000000
1340.474110 0.000000 0.000000
1342.022620 0.000000 0.000000
1344.183070 0.000000 0.000000
1346.319396 0.000000 0.000000
1347.392359 0.000000 0.000000
1348.149764 0.000000 0.000000
1350.696513 0.000000 0.000000
1357.301184 0.000000 0.000000
1357.498508 0.000000 0.000000
1376.145601 0.000000 0.000000
1377.642504 0.000000 0.000000
1388.357484 0.000000 0.000000
1388.403312 0.000000 0.000000
1402.650577 0.000000 0.000000
1411.337998 0.000000 0.000000
1411.683930 0.000000 0.000000
1425.672331 0.000000 0.000000
1427.591631 0.000000 0.000000
1428.367896 0.000000 0.000000
1429.164363 0.000000 0.000000
1431.099918 0.000000 0.000000
1433.806069 0.000000 0.000000
1434.187523 0.000000 0.000000
1436.309993 0.000000 0.000000
1437.286981 0.000000 0.000000
1439.288157 0.000000 0.000000
1440.531286 0.000000 0.000000
1440.974708 0.000000 0.000000
1441.823444 0.000000 0.000000
1444.159321 0.000000 0.000000
1447.311642 0.000000 0.000000
1448.593744 0.000000 0.000000
1449.853482 0.000000 0.000000
1453.229356 0.000000 0.000000
1459.681095 0.000000 0.000000
1476.355420 0.000000 0.000000
1476.409780 0.000000 0.000000
1492.810629 0.000000 0.000000
1493.210448 0.000000 0.000000
1503.453549 0.000000 0.000000
1510.471214 0.000000 0.000000
1513.057251 0.000000 0.000000
1527.712203 0.000000 0.000000
1528.538050 0.000000 0.000000
1529.235105 0.000000 0.000000
1530.061405 0.000000 0.000000
1534.025899 0.000000 0.000000
1534.416654 0.000000 0.000000
1535.007805 0.000000 0.000000
1535.777651 0.000000 0.000000
1537.628000 0.000000 0.000000
1540.092750 0.000000 0.000000
1541.967689 0.000000 0.000000
1542.565805 0.000000 0.000000
1544.822052 0.000000 0.000000
1547.383431 0.000000 0.000000
1549.000578 0.000000 0.000000
1551.320711 0.000000 0.000000
1558.204818 0.000000 0.000000
1575.422899 0.000000 0.000000
1578.263427 0.000000 0.000000
1591.870827 0.000000 0.000000
1592.147722 0.000000 0.000000
1598.505740 0.000000 0.000000
1598.680762 0.000000 0.000000
1604.513188 0.000000 0.000000
1612.167973 0.000000 0.000000
1614.975795 0.000000 0.000000
1628.574818 0.000000 0.000000
1629.916315 0.000000 0.000000
1632.211128 0.000000 0.000000
1632.271993 0.000000 0.000000
1634.780909 0.000000 0.000000
1636.098530 0.000000 0.000000
1636.494605 0.000000 0.000000
1637.268195 0.000000 0.000000
1639.326641 0.000000 0.000000
1642.892857 0.000000 0.000000
1645.298704 0.000000 0.000000
1647.717933 0.000000 0.000000
1648.679373 0.000000 0.000000
1651.823835 0.000000 0.000000
1653.935076 0.000000 0.000000
1671.285514 0.000000 0.000000
1682.515855 0.000000 0.000000
1690.249279 0.000000 0.000000
1691.181029 0.000000 0.000000
1696.084419 0.000000 0.000000
1696.361722 0.000000 0.000000
1706.052761 0.000000 0.000000
1714.754567 0.000000 0.000000
1715.971495 0.000000 0.000000
1729.127866 0.000000 0.000000
1730.783969 0.000000 0.000000
1733.795202 0.000000 0.000000
1735.371439 0.000000 0.000000
1735.946933 0.000000 0.000000
1736.012934 0.000000 0.000000
1739.350111 0.000000 0.000000
1740.498601 0.000000 0.000000
1744.837838 0.000000 0.000000
1746.108220 0.000000 0.000000
1749.132364 0.000000 0.000000
1753.806812 0.000000 0.000000
1755.531092 0.000000 0.000000
1766.084565 0.000000 0.000000
1782.787187 0.000000 0.000000
1788.958885 0.000000 0.000000
1790.886351 0.000000 0.000000
1794.660425 0.000000 0.000000
1794.739215 0.000000 0.000000
1808.322054 0.000000 0.000000
1816.763612 0.000000 0.000000
1817.787866 0.000000 0.000000
1830.283692 0.000000 0.000000
1832.088076 0.000000 0.000000
1834.685274 0.000000 0.000000
1835.659413 0.000000 0.000000
1837.383412 0.000000 0.000000
1839.888483 0.000000 0.000000
1842.670594 0.000000 0.000000
1846.851251 0.000000 0.000000
1847.788187 0.000000 0.000000
1853.920066 0.000000 0.000000
1854.224775 0.000000 0.000000
1859.939418 0.000000 0.000000
1859.945263 0.000000 0.000000
1873.017828 0.000000 0.000000
1873.837288 0.000000 0.000000
1890.128854 0.000000 0.000000
1890.924869 0.000000 0.000000
1894.088913 0.000000 0.000000
1894.244675 0.000000 0.000000
1908.639046 0.000000 0.000000
1916.198347 0.000000 0.000000
1923.436306 0.000000 0.000000
1931.715625 0.000000 0.000000
1933.106075 0.000000 0.000000
1936.219894 0.000000 0.000000
1938.591048 0.000000 0.000000
1940.682468 0.000000 0.000000
1943.220165 0.000000 0.000000
1947.870036 0.000000 0.000000
1951.296092 0.000000 0.000000
1956.583748 0.000000 0.000000
1960.623848 0.000000 0.000000
1960.667419 0.000000 0.000000
1969.652503 0.000000 0.000000
1974.724784 0.000000 0.000000
1991.443182 0.000000 0.000000
1993.169428 0.000000 0.000000
1994.221146 0.000000 0.000000
1994.480894 0.000000 0.000000
2005.268103 0.000000 0.000000
2019.313936 0.000000 0.000000
2025.201634 0.000000 0.000000
2032.890723 0.000000 0.000000
2037.505240 0.000000 0.000000
2038.076154 0.000000 0.000000
2040.477906 0.000000 0.000000
2046.238777 0.000000 0.000000
2052.605863 0.000000 0.000000
2053.733153 0.000000 0.000000
2061.167828 0.000000 0.000000
2061.518199 0.000000 0.000000
2067.686480 0.000000 0.000000
2075.694135 0.000000 0.000000
2089.646768 0.000000 0.000000
2092.152620 0.000000 0.000000
2094.796444 0.000000 0.000000
2096.323987 0.000000 0.000000
2112.359809 0.000000 0.000000
2119.517116 0.000000 0.000000
2125.864892 0.000000 0.000000
2137.471472 0.000000 0.000000
2137.563520 0.000000 0.000000
2141.932297 0.000000 0.000000
2147.891745 0.000000 0.000000
2157.463108 0.000000 0.000000
2161.742419 0.000000 0.000000
2163.085484 0.000000 0.000000
2167.906292 0.000000 0.000000
2175.071100 0.000000 0.000000
2181.470761 0.000000 0.000000
2193.246808 0.000000 0.000000
2196.685930 0.000000 0.000000
2198.626340 0.000000 0.000000
2217.321439 0.000000 0.000000
2220.128774 0.000000 0.000000
2230.604809 0.000000 0.000000
2241.630442 0.000000 0.000000
2243.902184 0.000000 0.000000
2252.643962 0.000000 0.000000
2262.611267 0.000000 0.000000
2263.801331 0.000000 0.000000
2269.714411 0.000000 0.000000
2276.205157 0.000000 0.000000
2280.554129 0.000000 0.000000
2292.156387 0.000000 0.000000
2293.863126 0.000000 0.000000
2302.363837 0.000000 0.000000
2313.399035 0.000000 0.000000
2325.402468 0.000000 0.000000
2337.096443 0.000000 0.000000
2349.940829 0.000000 0.000000
2361.823709 0.000000 0.000000
2362.914760 0.000000 0.000000
2368.993950 0.000000 0.000000
2377.716147 0.000000 0.000000
2381.798950 0.000000 0.000000
2390.151141 0.000000 0.000000
2394.915692 0.000000 0.000000
2402.435268 0.000000 0.000000
2420.148549 0.000000 0.000000
2420.748120 0.000000 0.000000
2451.194240 0.000000 0.000000
2459.944652 0.000000 0.000000
2467.205678 0.000000 0.000000
2477.111296 0.000000 0.000000
2480.090636 0.000000 0.000000
2484.821913 0.000000 0.000000
2501.808385 0.000000 0.000000
2506.836172 0.000000 0.000000
2513.756861 0.000000 0.000000
2520.324411 0.000000 0.000000
2558.794453 0.000000 0.000000
2563.877228 0.000000 0.000000
2571.533087 0.000000 0.000000
2589.075634 0.000000 0.000000
2590.909535 0.000000 0.000000
2607.847322 0.000000 0.000000
2611.640523 0.000000 0.000000
2623.123089 0.000000 0.000000
2659.307834 0.000000 0.000000
2659.927623 0.000000 0.000000
2676.702205 0.000000 0.000000
2686.653667 0.000000 0.000000
2689.329607 0.000000 0.000000
2709.266616 0.000000 0.000000
2750.645134 0.000000 0.000000
2759.036785 0.000000 0.000000
2779.268532 0.000000 0.000000
2789.886867 0.000000 0.000000
2794.618856 0.000000 0.000000
2806.957164 0.000000 0.000000
2852.381671 0.000000 0.000000
2858.025604 0.000000 0.000000
2890.779366 0.000000 0.000000
2893.349860 0.000000 0.000000
2951.926354 0.000000 0.000000
2960.240946 0.000000 0.000000
2989.191509 0.000000 0.000000
3008.076021 0.000000 0.000000
3044.874190 0.000000 0.000000
3069.111612 0.000000 0.000000
3135.850343 0.000000 0.000000
3175.775932 0.000000 0.000000
3246.206538 0.000000 0.000000
3276.402300 0.000000 0.000000
