Number of states: 450
Sparse Hamiltonian computation time: 0 seconds 0 milliseconds
Time to set up matrix: 0 seconds 0 milliseconds
Diagonalization time: 2 seconds 0 milliseconds
Vab = 1.000000
w = 100.000000
b = 0.800000
E    Isym    Iasym
35.467624 0.000000 0.531471
36.522138 0.523031 0.000000
135.467624 0.000000 0.170071
135.852937 0.000000 0.164681
136.148310 0.172868 0.000000
136.522138 0.167370 0.000000
235.467624 0.000000 0.027211
235.609742 0.027148 0.000000
235.852937 0.000000 0.052698
236.148310 0.055318 0.000000
236.390992 0.000000 0.026848
236.522138 0.026779 0.000000
335.467624 0.000000 0.002903
335.609742 0.008687 0.000000
335.613756 0.000000 0.002908
335.852938 0.000000 0.008432
336.148311 0.008851 0.000000
336.385607 0.002852 0.000000
336.390992 0.000000 0.008591
336.522139 0.002856 0.000000
435.467630 0.000000 0.000232
435.609773 0.001390 0.000000
435.613777 0.000000 0.000930
435.740693 0.000235 0.000000
435.852959 0.000000 0.000899
436.148331 0.000944 0.000000
436.258500 0.000000 0.000226
436.385628 0.000913 0.000000
436.391023 0.000000 0.001375
436.522144 0.000229 0.000000
535.467708 0.000000 0.000015
535.610471 0.000147 0.000000
535.614482 0.000000 0.000148
535.741073 0.000076 0.000000
535.853330 0.000000 0.000072
535.908923 0.000000 0.000015
536.090942 0.000014 0.000000
536.148698 0.000076 0.000000
536.258889 0.000000 0.000072
536.386356 0.000147 0.000000
536.391739 0.000000 0.000148
536.522228 0.000015 0.000000
635.468425 0.000000 0.000001
635.618990 0.000010 0.000000
635.626114 0.000000 0.000014
635.751024 0.000012 0.000000
635.857353 0.000000 0.000004
635.913309 0.000000 0.000005
635.932912 0.000000 0.000001
636.069151 0.000001 0.000000
636.095420 0.000004 0.000000
636.152991 0.000005 0.000000
636.268605 0.000000 0.000011
636.399739 0.000017 0.000000
636.402438 0.000000 0.000014
636.523176 0.000001 0.000000
735.471486 0.000000 0.000000
735.649009 0.000000 0.000000
735.683979 0.000000 0.000000
735.805479 0.000000 0.000000
735.839888 0.000000 0.000000
735.877325 0.000000 0.000000
735.926331 0.000000 0.000000
736.008651 0.000000 0.000000
736.075120 0.000000 0.000000
736.153362 0.000000 0.000000
736.196714 0.000000 0.000000
736.208771 0.000001 0.000000
736.343188 0.000000 0.000000
736.517894 0.000000 0.000000
736.632312 0.000000 0.000003
736.647025 0.000003 0.000000
835.479991 0.000000 0.000000
835.694400 0.000000 0.000000
835.729444 0.000000 0.000000
835.745785 0.000000 0.000000
835.856106 0.000000 0.000000
835.905694 0.000000 0.000000
835.918686 0.000000 0.000000
835.977994 0.000000 0.000000
836.089463 0.000000 0.000000
836.104605 0.000000 0.000000
836.222792 0.000000 0.000000
836.268644 0.000000 0.000000
836.276074 0.000000 0.000000
836.484378 0.000000 0.000000
836.613613 0.000000 0.000000
836.621281 0.000000 0.000000
839.284941 0.000000 0.000000
839.285341 0.000000 0.000000
935.498630 0.000000 0.000000
935.715170 0.000000 0.000000
935.754666 0.000000 0.000000
935.759523 0.000000 0.000000
935.830565 0.000000 0.000000
935.909606 0.000000 0.000000
935.967620 0.000000 0.000000
935.972857 0.000000 0.000000
936.045480 0.000000 0.000000
936.130601 0.000000 0.000000
936.135063 0.000000 0.000000
936.262076 0.000000 0.000000
936.300466 0.000000 0.000000
936.431779 0.000000 0.000000
936.608342 0.000000 0.000000
936.654469 0.000000 0.000000
939.285856 0.000000 0.000000
939.285985 0.000000 0.000000
949.571548 0.000000 0.000000
949.571565 0.000000 0.000000
1035.529374 0.000000 0.000000
1035.735349 0.000000 0.000000
1035.792317 0.000000 0.000000
1035.805925 0.000000 0.000000
1035.832843 0.000000 0.000000
1035.941113 0.000000 0.000000
1035.958636 0.000000 0.000000
1035.994697 0.000000 0.000000
1035.994892 0.000000 0.000000
1036.100631 0.000000 0.000000
1036.159689 0.000000 0.000000
1036.166629 0.000000 0.000000
1036.292354 0.000000 0.000000
1036.387384 0.000000 0.000000
1036.574585 0.000000 0.000000
1036.704898 0.000000 0.000000
1039.285288 0.000000 0.000000
1039.286695 0.000000 0.000000
1049.572654 0.000000 0.000000
1049.572686 0.000000 0.000000
1074.022513 0.000000 0.000000
1074.022515 0.000000 0.000000
1135.564716 0.000000 0.000000
1135.787953 0.000000 0.000000
1135.816050 0.000000 0.000000
1135.832019 0.000000 0.000000
1135.901865 0.000000 0.000000
1135.952732 0.000000 0.000000
1135.990434 0.000000 0.000000
1135.991448 0.000000 0.000000
1135.999055 0.000000 0.000000
1135.999110 0.000000 0.000000
1136.174844 0.000000 0.000000
1136.179562 0.000000 0.000000
1136.192315 0.000000 0.000000
1136.380066 0.000000 0.000000
1136.450714 0.000000 0.000000
1136.756669 0.000000 0.000000
1139.273109 0.000000 0.000000
1139.300580 0.000000 0.000000
1149.572315 0.000000 0.000000
1149.572483 0.000000 0.000000
1174.022699 0.000000 0.000000
1174.022706 0.000000 0.000000
1217.917084 0.000000 0.000000
1217.917086 0.000000 0.000000
1235.598103 0.000000 0.000000
1235.826009 0.000000 0.000000
1235.831962 0.000000 0.000000
1235.918536 0.000000 0.000000
1235.941948 0.000000 0.000000
1235.989047 0.000000 0.000000
1235.997116 0.000000 0.000000
1235.998185 0.000000 0.000000
1235.999653 0.000000 0.000000
1236.001908 0.000000 0.000000
1236.001929 0.000000 0.000000
1236.190090 0.000000 0.000000
1236.197670 0.000000 0.000000
1236.369064 0.000000 0.000000
1236.438897 0.000000 0.000000
1236.677188 0.000000 0.000000
1239.203683 0.000000 0.000000
1239.371197 0.000000 0.000000
1249.569928 0.000000 0.000000
1249.574204 0.000000 0.000000
1274.022546 0.000000 0.000000
1274.022559 0.000000 0.000000
1317.914872 0.000000 0.000000
1317.914887 0.000000 0.000000
1335.635587 0.000000 0.000000
1335.838805 0.000000 0.000000
1335.892527 0.000000 0.000000
1335.960397 0.000000 0.000000
1335.981752 0.000000 0.000000
1335.996135 0.000000 0.000000
1335.996416 0.000000 0.000000
1335.999207 0.000000 0.000000
1335.999223 0.000000 0.000000
1336.003699 0.000000 0.000000
1336.003713 0.000000 0.000000
1336.048869 0.000000 0.000000
1336.202298 0.000000 0.000000
1336.289221 0.000000 0.000000
1336.535967 0.000000 0.000000
1336.623562 0.000000 0.000000
1339.075613 0.000000 0.000000
1339.472718 0.000000 0.000000
1349.549825 0.000000 0.000000
1349.594790 0.000000 0.000000
1374.022234 0.000000 0.000000
1374.022627 0.000000 0.000000
1386.673397 0.000000 0.000000
1386.673397 0.000000 0.000000
1417.914976 0.000000 0.000000
1417.914997 0.000000 0.000000
1435.679145 0.000000 0.000000
1435.872658 0.000000 0.000000
1435.946534 0.000000 0.000000
1435.978119 0.000000 0.000000
1435.993948 0.000000 0.000000
1435.995884 0.000000 0.000000
1435.998149 0.000000 0.000000
1435.998778 0.000000 0.000000
1436.001672 0.000000 0.000000
1436.001686 0.000000 0.000000
1436.002702 0.000000 0.000000
1436.002757 0.000000 0.000000
1436.134019 0.000000 0.000000
1436.289937 0.000000 0.000000
1436.444169 0.000000 0.000000
1436.676428 0.000000 0.000000
1439.191174 0.000000 0.000000
1439.348156 0.000000 0.000000
1449.460078 0.000000 0.000000
1449.684824 0.000000 0.000000
1474.019196 0.000000 0.000000
1474.025795 0.000000 0.000000
1486.675442 0.000000 0.000000
1486.675444 0.000000 0.000000
1517.915701 0.000000 0.000000
1517.915702 0.000000 0.000000
1535.733066 0.000000 0.000000
1535.925249 0.000000 0.000000
1535.977153 0.000000 0.000000
1535.992784 0.000000 0.000000
1535.997591 0.000000 0.000000
1535.998424 0.000000 0.000000
1535.999809 0.000000 0.000000
1536.000012 0.000000 0.000000
1536.001033 0.000000 0.000000
1536.001131 0.000000 0.000000
1536.016309 0.000000 0.000000
1536.243520 0.000000 0.000000
1536.505817 0.000000 0.000000
1536.617227 0.000000 0.000000
1539.222056 0.000000 0.000000
1539.327102 0.000000 0.000000
1549.355675 0.000000 0.000000
1549.781033 0.000000 0.000000
1573.993554 0.000000 0.000000
1574.052423 0.000000 0.000000
1586.675269 0.000000 0.000000
1586.675276 0.000000 0.000000
1590.052850 0.000000 0.000000
1590.052851 0.000000 0.000000
1617.916256 0.000000 0.000000
1617.916694 0.000000 0.000000
1635.810439 0.000000 0.000000
1635.967829 0.000000 0.000000
1635.993539 0.000000 0.000000
1635.999034 0.000000 0.000000
1635.999744 0.000000 0.000000
1635.999808 0.000000 0.000000
1635.999839 0.000000 0.000000
1635.999920 0.000000 0.000000
1636.005300 0.000000 0.000000
1636.103488 0.000000 0.000000
1636.524820 0.000000 0.000000
1636.606177 0.000000 0.000000
1639.183925 0.000000 0.000000
1639.365891 0.000000 0.000000
1649.513033 0.000000 0.000000
1649.621953 0.000000 0.000000
1673.891979 0.000000 0.000000
1674.154847 0.000000 0.000000
1686.674585 0.000000 0.000000
1686.674590 0.000000 0.000000
1690.052002 0.000000 0.000000
1690.052002 0.000000 0.000000
1717.914129 0.000000 0.000000
1717.920845 0.000000 0.000000
1735.911989 0.000000 0.000000
1735.991888 0.000000 0.000000
1735.998539 0.000000 0.000000
1735.999469 0.000000 0.000000
1736.001116 0.000000 0.000000
1736.001201 0.000000 0.000000
1736.005385 0.000000 0.000000
1736.054495 0.000000 0.000000
1736.372029 0.000000 0.000000
1736.674435 0.000000 0.000000
1739.189313 0.000000 0.000000
1739.358998 0.000000 0.000000
1749.492968 0.000000 0.000000
1749.646481 0.000000 0.000000
1773.789542 0.000000 0.000000
1774.253797 0.000000 0.000000
1786.674147 0.000000 0.000000
1786.674153 0.000000 0.000000
1790.051242 0.000000 0.000000
1790.051245 0.000000 0.000000
1817.890307 0.000000 0.000000
1817.947315 0.000000 0.000000
1835.991913 0.000000 0.000000
1835.998902 0.000000 0.000000
1836.001899 0.000000 0.000000
1836.002179 0.000000 0.000000
1836.011987 0.000000 0.000000
1836.043965 0.000000 0.000000
1836.336219 0.000000 0.000000
1836.622092 0.000000 0.000000
1839.264017 0.000000 0.000000
1839.285130 0.000000 0.000000
1849.492454 0.000000 0.000000
1849.646158 0.000000 0.000000
1853.990343 0.000000 0.000000
1853.990343 0.000000 0.000000
1873.961469 0.000000 0.000000
1874.080835 0.000000 0.000000
1886.674369 0.000000 0.000000
1886.674663 0.000000 0.000000
1890.050838 0.000000 0.000000
1890.050848 0.000000 0.000000
1917.790634 0.000000 0.000000
1918.049088 0.000000 0.000000
1936.003036 0.000000 0.000000
1936.003339 0.000000 0.000000
1936.034994 0.000000 0.000000
1936.041346 0.000000 0.000000
1936.401462 0.000000 0.000000
1936.536278 0.000000 0.000000
1939.127564 0.000000 0.000000
1939.411947 0.000000 0.000000
1949.466620 0.000000 0.000000
1949.669003 0.000000 0.000000
1953.990728 0.000000 0.000000
1953.990728 0.000000 0.000000
1973.942837 0.000000 0.000000
1974.096300 0.000000 0.000000
1986.674615 0.000000 0.000000
1986.678860 0.000000 0.000000
1990.050875 0.000000 0.000000
1990.050884 0.000000 0.000000
2017.663305 0.000000 0.000000
2018.175371 0.000000 0.000000
2036.041815 0.000000 0.000000
2036.042653 0.000000 0.000000
2036.454914 0.000000 0.000000
2036.492938 0.000000 0.000000
2039.104797 0.000000 0.000000
2039.416212 0.000000 0.000000
2049.561485 0.000000 0.000000
2049.575599 0.000000 0.000000
2053.991266 0.000000 0.000000
2053.991269 0.000000 0.000000
2073.919871 0.000000 0.000000
2074.115620 0.000000 0.000000
2086.657744 0.000000 0.000000
2086.695581 0.000000 0.000000
2090.051649 0.000000 0.000000
2090.051653 0.000000 0.000000
2117.810175 0.000000 0.000000
2118.029763 0.000000 0.000000
2136.473888 0.000000 0.000000
2136.479852 0.000000 0.000000
2139.186077 0.000000 0.000000
2139.329641 0.000000 0.000000
2149.422731 0.000000 0.000000
2149.712322 0.000000 0.000000
2153.992073 0.000000 0.000000
2153.992105 0.000000 0.000000
2173.931768 0.000000 0.000000
2174.105583 0.000000 0.000000
2186.574070 0.000000 0.000000
2186.770760 0.000000 0.000000
2190.053621 0.000000 0.000000
2190.053698 0.000000 0.000000
2217.883694 0.000000 0.000000
2217.959403 0.000000 0.000000
2239.243485 0.000000 0.000000
2239.273091 0.000000 0.000000
2249.417400 0.000000 0.000000
2249.708482 0.000000 0.000000
2253.994468 0.000000 0.000000
2253.994631 0.000000 0.000000
2273.991528 0.000000 0.000000
2274.046416 0.000000 0.000000
2286.417967 0.000000 0.000000
2286.930443 0.000000 0.000000
2290.051338 0.000000 0.000000
2290.052763 0.000000 0.000000
2317.758586 0.000000 0.000000
2318.082477 0.000000 0.000000
2349.513702 0.000000 0.000000
2349.599920 0.000000 0.000000
2353.997892 0.000000 0.000000
2353.997919 0.000000 0.000000
2373.850530 0.000000 0.000000
2374.191569 0.000000 0.000000
2386.441648 0.000000 0.000000
2386.894777 0.000000 0.000000
2390.047860 0.000000 0.000000
2390.062591 0.000000 0.000000
2417.895660 0.000000 0.000000
2417.947018 0.000000 0.000000
2453.989012 0.000000 0.000000
2453.989068 0.000000 0.000000
2473.935531 0.000000 0.000000
2474.104089 0.000000 0.000000
2486.647538 0.000000 0.000000
2486.649738 0.000000 0.000000
2490.029669 0.000000 0.000000
2490.123493 0.000000 0.000000
2517.802405 0.000000 0.000000
2518.034978 0.000000 0.000000
2553.991528 0.000000 0.000000
2553.991574 0.000000 0.000000
2586.472760 0.000000 0.000000
2586.850453 0.000000 0.000000
2589.879123 0.000000 0.000000
2590.242758 0.000000 0.000000
2617.787618 0.000000 0.000000
2618.049558 0.000000 0.000000
2653.990997 0.000000 0.000000
2653.991109 0.000000 0.000000
2686.646561 0.000000 0.000000
2686.698567 0.000000 0.000000
2689.713040 0.000000 0.000000
2690.387405 0.000000 0.000000
2753.987627 0.000000 0.000000
2753.989382 0.000000 0.000000
2786.480411 0.000000 0.000000
2786.843127 0.000000 0.000000
2789.895585 0.000000 0.000000
2790.230236 0.000000 0.000000
2853.980474 0.000000 0.000000
2853.996872 0.000000 0.000000
2890.027793 0.000000 0.000000
2890.070769 0.000000 0.000000
2953.935821 0.000000 0.000000
2954.041119 0.000000 0.000000
2989.815388 0.000000 0.000000
2990.290119 0.000000 0.000000
3053.782415 0.000000 0.000000
3054.196117 0.000000 0.000000
3153.561922 0.000000 0.000000
3154.414885 0.000000 0.000000
3253.685954 0.000000 0.000000
3254.295871 0.000000 0.000000
