Number of states: 450
Sparse Hamiltonian computation time: 0 seconds 0 milliseconds
Time to set up matrix: 0 seconds 0 milliseconds
Diagonalization time: 2 seconds 0 milliseconds
Vab = 0.001000
w = 100.000000
b = 0.800000
E    Isym    Iasym
35.999473 0.000000 0.527297
36.000527 0.527288 0.000000
135.999473 0.000000 0.168735
135.999852 0.000000 0.168730
136.000148 0.168738 0.000000
136.000527 0.168732 0.000000
235.999473 0.000000 0.026995
235.999609 0.026996 0.000000
235.999852 0.000000 0.053994
236.000148 0.053995 0.000000
236.000391 0.000000 0.026999
236.000527 0.026999 0.000000
335.999473 0.000000 0.002855
335.999610 0.008607 0.000000
335.999614 0.000000 0.002867
335.999853 0.000000 0.008644
336.000148 0.008634 0.000000
336.000386 0.002893 0.000000
336.000391 0.000000 0.008672
336.000528 0.002905 0.000000
435.999477 0.000000 0.000148
435.999633 0.000000 0.000737
435.999637 0.001076 0.000000
435.999748 0.000305 0.000000
435.999874 0.000000 0.000947
436.000168 0.000841 0.000000
436.000264 0.000000 0.000170
436.000409 0.001078 0.000000
436.000425 0.000000 0.001684
436.000535 0.000387 0.000000
535.999495 0.000000 0.000000
535.999706 0.000001 0.000000
535.999744 0.000000 0.000003
535.999917 0.000006 0.000000
535.999927 0.000000 0.000000
536.000034 0.000000 0.000006
536.000124 0.000000 0.000000
536.000256 0.000002 0.000000
536.000336 0.000000 0.000001
536.000535 0.000000 0.000000
536.002393 0.000000 0.000462
536.002395 0.000462 0.000000
635.999536 0.000000 0.000000
635.999782 0.000000 0.000000
635.999797 0.000000 0.000000
635.999934 0.000000 0.000000
635.999951 0.000000 0.000000
636.000080 0.000000 0.000000
636.000082 0.000000 0.000000
636.000164 0.000000 0.000000
636.000285 0.000000 0.000000
636.000497 0.000000 0.000000
636.002360 0.000000 0.000000
636.002388 0.000000 0.000000
636.042303 0.000000 0.000050
636.042304 0.000050 0.000000
735.999585 0.000000 0.000000
735.999824 0.000000 0.000000
735.999862 0.000000 0.000000
735.999884 0.000000 0.000000
735.999994 0.000000 0.000000
735.999994 0.000000 0.000000
736.000150 0.000000 0.000000
736.000183 0.000000 0.000000
736.000200 0.000000 0.000000
736.000430 0.000000 0.000000
736.002262 0.000000 0.000000
736.002489 0.000000 0.000000
736.042300 0.000000 0.000000
736.042305 0.000000 0.000000
736.478221 0.000000 0.000005
736.478221 0.000005 0.000000
835.999625 0.000000 0.000000
835.999845 0.000000 0.000000
835.999852 0.000000 0.000000
835.999987 0.000000 0.000000
835.999989 0.000000 0.000000
836.000000 0.000000 0.000000
836.000000 0.000000 0.000000
836.000202 0.000000 0.000000
836.000210 0.000000 0.000000
836.000424 0.000000 0.000000
836.002136 0.000000 0.000000
836.002587 0.000000 0.000000
836.042271 0.000000 0.000000
836.042335 0.000000 0.000000
836.478221 0.000000 0.000000
836.478222 0.000000 0.000000
839.261092 0.000000 0.000000
839.261092 0.000000 0.000000
935.999677 0.000000 0.000000
935.999859 0.000000 0.000000
935.999970 0.000000 0.000000
935.999996 0.000000 0.000000
935.999999 0.000000 0.000000
936.000000 0.000000 0.000000
936.000000 0.000000 0.000000
936.000009 0.000000 0.000000
936.000240 0.000000 0.000000
936.000366 0.000000 0.000000
936.002357 0.000000 0.000000
936.002385 0.000000 0.000000
936.042148 0.000000 0.000000
936.042458 0.000000 0.000000
936.478215 0.000000 0.000000
936.478228 0.000000 0.000000
939.261092 0.000000 0.000000
939.261092 0.000000 0.000000
949.566085 0.000000 0.000000
949.566085 0.000000 0.000000
1035.999740 0.000000 0.000000
1035.999941 0.000000 0.000000
1035.999995 0.000000 0.000000
1035.999999 0.000000 0.000000
1036.000000 0.000000 0.000000
1036.000000 0.000000 0.000000
1036.000000 0.000000 0.000000
1036.000000 0.000000 0.000000
1036.000089 0.000000 0.000000
1036.000360 0.000000 0.000000
1036.002205 0.000000 0.000000
1036.002528 0.000000 0.000000
1036.042121 0.000000 0.000000
1036.042484 0.000000 0.000000
1036.478166 0.000000 0.000000
1036.478277 0.000000 0.000000
1039.261091 0.000000 0.000000
1039.261093 0.000000 0.000000
1049.566085 0.000000 0.000000
1049.566085 0.000000 0.000000
1074.020909 0.000000 0.000000
1074.020909 0.000000 0.000000
1135.999845 0.000000 0.000000
1135.999988 0.000000 0.000000
1135.999999 0.000000 0.000000
1136.000000 0.000000 0.000000
1136.000000 0.000000 0.000000
1136.000000 0.000000 0.000000
1136.000000 0.000000 0.000000
1136.000000 0.000000 0.000000
1136.000023 0.000000 0.000000
1136.000266 0.000000 0.000000
1136.002366 0.000000 0.000000
1136.002370 0.000000 0.000000
1136.042302 0.000000 0.000000
1136.042303 0.000000 0.000000
1136.478038 0.000000 0.000000
1136.478404 0.000000 0.000000
1139.261079 0.000000 0.000000
1139.261105 0.000000 0.000000
1149.566085 0.000000 0.000000
1149.566085 0.000000 0.000000
1174.020909 0.000000 0.000000
1174.020909 0.000000 0.000000
1217.919654 0.000000 0.000000
1217.919654 0.000000 0.000000
1235.999965 0.000000 0.000000
1235.999999 0.000000 0.000000
1236.000000 0.000000 0.000000
1236.000000 0.000000 0.000000
1236.000000 0.000000 0.000000
1236.000000 0.000000 0.000000
1236.000000 0.000000 0.000000
1236.000001 0.000000 0.000000
1236.000016 0.000000 0.000000
1236.000152 0.000000 0.000000
1236.002239 0.000000 0.000000
1236.002486 0.000000 0.000000
1236.042147 0.000000 0.000000
1236.042457 0.000000 0.000000
1236.478096 0.000000 0.000000
1236.478347 0.000000 0.000000
1239.261008 0.000000 0.000000
1239.261176 0.000000 0.000000
1249.566083 0.000000 0.000000
1249.566087 0.000000 0.000000
1274.020909 0.000000 0.000000
1274.020909 0.000000 0.000000
1317.919654 0.000000 0.000000
1317.919654 0.000000 0.000000
1336.000000 0.000000 0.000000
1336.000000 0.000000 0.000000
1336.000000 0.000000 0.000000
1336.000000 0.000000 0.000000
1336.000000 0.000000 0.000000
1336.000000 0.000000 0.000000
1336.000001 0.000000 0.000000
1336.000002 0.000000 0.000000
1336.000055 0.000000 0.000000
1336.000103 0.000000 0.000000
1336.002159 0.000000 0.000000
1336.002539 0.000000 0.000000
1336.042281 0.000000 0.000000
1336.042323 0.000000 0.000000
1336.478201 0.000000 0.000000
1336.478242 0.000000 0.000000
1339.260893 0.000000 0.000000
1339.261291 0.000000 0.000000
1349.566063 0.000000 0.000000
1349.566108 0.000000 0.000000
1374.020909 0.000000 0.000000
1374.020909 0.000000 0.000000
1386.672435 0.000000 0.000000
1386.672435 0.000000 0.000000
1417.919654 0.000000 0.000000
1417.919654 0.000000 0.000000
1436.000000 0.000000 0.000000
1436.000000 0.000000 0.000000
1436.000000 0.000000 0.000000
1436.000000 0.000000 0.000000
1436.000000 0.000000 0.000000
1436.000000 0.000000 0.000000
1436.000002 0.000000 0.000000
1436.000002 0.000000 0.000000
1436.000078 0.000000 0.000000
1436.000088 0.000000 0.000000
1436.002235 0.000000 0.000000
1436.002453 0.000000 0.000000
1436.042233 0.000000 0.000000
1436.042372 0.000000 0.000000
1436.478097 0.000000 0.000000
1436.478346 0.000000 0.000000
1439.261013 0.000000 0.000000
1439.261171 0.000000 0.000000
1449.565973 0.000000 0.000000
1449.566198 0.000000 0.000000
1474.020906 0.000000 0.000000
1474.020912 0.000000 0.000000
1486.672435 0.000000 0.000000
1486.672435 0.000000 0.000000
1517.919654 0.000000 0.000000
1517.919654 0.000000 0.000000
1536.000000 0.000000 0.000000
1536.000000 0.000000 0.000000
1536.000000 0.000000 0.000000
1536.000000 0.000000 0.000000
1536.000002 0.000000 0.000000
1536.000002 0.000000 0.000000
1536.000083 0.000000 0.000000
1536.000084 0.000000 0.000000
1536.002308 0.000000 0.000000
1536.002381 0.000000 0.000000
1536.042120 0.000000 0.000000
1536.042483 0.000000 0.000000
1536.478167 0.000000 0.000000
1536.478276 0.000000 0.000000
1539.261040 0.000000 0.000000
1539.261144 0.000000 0.000000
1549.565872 0.000000 0.000000
1549.566298 0.000000 0.000000
1574.020880 0.000000 0.000000
1574.020939 0.000000 0.000000
1586.672435 0.000000 0.000000
1586.672435 0.000000 0.000000
1590.048981 0.000000 0.000000
1590.048981 0.000000 0.000000
1617.919653 0.000000 0.000000
1617.919654 0.000000 0.000000
1636.000000 0.000000 0.000000
1636.000000 0.000000 0.000000
1636.000002 0.000000 0.000000
1636.000002 0.000000 0.000000
1636.000083 0.000000 0.000000
1636.000084 0.000000 0.000000
1636.002336 0.000000 0.000000
1636.002353 0.000000 0.000000
1636.042169 0.000000 0.000000
1636.042433 0.000000 0.000000
1636.478191 0.000000 0.000000
1636.478251 0.000000 0.000000
1639.261001 0.000000 0.000000
1639.261183 0.000000 0.000000
1649.566031 0.000000 0.000000
1649.566140 0.000000 0.000000
1674.020778 0.000000 0.000000
1674.021041 0.000000 0.000000
1686.672435 0.000000 0.000000
1686.672435 0.000000 0.000000
1690.048981 0.000000 0.000000
1690.048981 0.000000 0.000000
1717.919650 0.000000 0.000000
1717.919657 0.000000 0.000000
1736.000002 0.000000 0.000000
1736.000002 0.000000 0.000000
1736.000084 0.000000 0.000000
1736.000084 0.000000 0.000000
1736.002343 0.000000 0.000000
1736.002346 0.000000 0.000000
1736.042249 0.000000 0.000000
1736.042353 0.000000 0.000000
1736.478059 0.000000 0.000000
1736.478383 0.000000 0.000000
1739.261007 0.000000 0.000000
1739.261177 0.000000 0.000000
1749.566008 0.000000 0.000000
1749.566162 0.000000 0.000000
1774.020677 0.000000 0.000000
1774.021141 0.000000 0.000000
1786.672435 0.000000 0.000000
1786.672435 0.000000 0.000000
1790.048981 0.000000 0.000000
1790.048981 0.000000 0.000000
1817.919625 0.000000 0.000000
1817.919682 0.000000 0.000000
1836.000084 0.000000 0.000000
1836.000084 0.000000 0.000000
1836.002345 0.000000 0.000000
1836.002345 0.000000 0.000000
1836.042287 0.000000 0.000000
1836.042315 0.000000 0.000000
1836.478073 0.000000 0.000000
1836.478370 0.000000 0.000000
1839.261082 0.000000 0.000000
1839.261102 0.000000 0.000000
1849.566008 0.000000 0.000000
1849.566162 0.000000 0.000000
1853.987892 0.000000 0.000000
1853.987892 0.000000 0.000000
1874.020849 0.000000 0.000000
1874.020969 0.000000 0.000000
1886.672434 0.000000 0.000000
1886.672435 0.000000 0.000000
1890.048981 0.000000 0.000000
1890.048981 0.000000 0.000000
1917.919524 0.000000 0.000000
1917.919783 0.000000 0.000000
1936.002345 0.000000 0.000000
1936.002345 0.000000 0.000000
1936.042298 0.000000 0.000000
1936.042304 0.000000 0.000000
1936.478154 0.000000 0.000000
1936.478289 0.000000 0.000000
1939.260949 0.000000 0.000000
1939.261235 0.000000 0.000000
1949.565984 0.000000 0.000000
1949.566186 0.000000 0.000000
1953.987892 0.000000 0.000000
1953.987892 0.000000 0.000000
1974.020832 0.000000 0.000000
1974.020986 0.000000 0.000000
1986.672433 0.000000 0.000000
1986.672437 0.000000 0.000000
1990.048981 0.000000 0.000000
1990.048981 0.000000 0.000000
2017.919398 0.000000 0.000000
2017.919910 0.000000 0.000000
2036.042301 0.000000 0.000000
2036.042301 0.000000 0.000000
2036.478202 0.000000 0.000000
2036.478240 0.000000 0.000000
2039.260936 0.000000 0.000000
2039.261248 0.000000 0.000000
2049.566078 0.000000 0.000000
2049.566092 0.000000 0.000000
2053.987892 0.000000 0.000000
2053.987892 0.000000 0.000000
2074.020811 0.000000 0.000000
2074.021007 0.000000 0.000000
2086.672416 0.000000 0.000000
2086.672454 0.000000 0.000000
2090.048981 0.000000 0.000000
2090.048981 0.000000 0.000000
2117.919544 0.000000 0.000000
2117.919763 0.000000 0.000000
2136.478218 0.000000 0.000000
2136.478224 0.000000 0.000000
2139.261020 0.000000 0.000000
2139.261164 0.000000 0.000000
2149.565940 0.000000 0.000000
2149.566230 0.000000 0.000000
2153.987892 0.000000 0.000000
2153.987892 0.000000 0.000000
2174.020822 0.000000 0.000000
2174.020996 0.000000 0.000000
2186.672336 0.000000 0.000000
2186.672533 0.000000 0.000000
2190.048981 0.000000 0.000000
2190.048981 0.000000 0.000000
2217.919616 0.000000 0.000000
2217.919691 0.000000 0.000000
2239.261077 0.000000 0.000000
2239.261107 0.000000 0.000000
2249.565939 0.000000 0.000000
2249.566231 0.000000 0.000000
2253.987892 0.000000 0.000000
2253.987892 0.000000 0.000000
2274.020882 0.000000 0.000000
2274.020936 0.000000 0.000000
2286.672178 0.000000 0.000000
2286.672691 0.000000 0.000000
2290.048980 0.000000 0.000000
2290.048981 0.000000 0.000000
2317.919492 0.000000 0.000000
2317.919816 0.000000 0.000000
2349.566042 0.000000 0.000000
2349.566128 0.000000 0.000000
2353.987892 0.000000 0.000000
2353.987892 0.000000 0.000000
2374.020739 0.000000 0.000000
2374.021080 0.000000 0.000000
2386.672208 0.000000 0.000000
2386.672662 0.000000 0.000000
2390.048974 0.000000 0.000000
2390.048988 0.000000 0.000000
2417.919628 0.000000 0.000000
2417.919679 0.000000 0.000000
2453.987892 0.000000 0.000000
2453.987892 0.000000 0.000000
2474.020825 0.000000 0.000000
2474.020993 0.000000 0.000000
2486.672434 0.000000 0.000000
2486.672436 0.000000 0.000000
2490.048934 0.000000 0.000000
2490.049028 0.000000 0.000000
2517.919537 0.000000 0.000000
2517.919770 0.000000 0.000000
2553.987892 0.000000 0.000000
2553.987892 0.000000 0.000000
2586.672246 0.000000 0.000000
2586.672623 0.000000 0.000000
2590.048799 0.000000 0.000000
2590.049163 0.000000 0.000000
2617.919523 0.000000 0.000000
2617.919785 0.000000 0.000000
2653.987892 0.000000 0.000000
2653.987892 0.000000 0.000000
2686.672409 0.000000 0.000000
2686.672461 0.000000 0.000000
2690.048644 0.000000 0.000000
2690.049318 0.000000 0.000000
2753.987891 0.000000 0.000000
2753.987893 0.000000 0.000000
2786.672253 0.000000 0.000000
2786.672616 0.000000 0.000000
2790.048813 0.000000 0.000000
2790.049148 0.000000 0.000000
2853.987884 0.000000 0.000000
2853.987901 0.000000 0.000000
2890.048959 0.000000 0.000000
2890.049002 0.000000 0.000000
2953.987840 0.000000 0.000000
2953.987945 0.000000 0.000000
2990.048743 0.000000 0.000000
2990.049218 0.000000 0.000000
3053.987685 0.000000 0.000000
3053.988099 0.000000 0.000000
3153.987466 0.000000 0.000000
3153.988319 0.000000 0.000000
3253.987587 0.000000 0.000000
3253.988197 0.000000 0.000000
