Number of states: 450
Sparse Hamiltonian computation time: 0 seconds 0 milliseconds
Time to set up matrix: 0 seconds 0 milliseconds
Diagonalization time: 2 seconds 0 milliseconds
Vab = 75.000000
w = 100.000000
b = 0.800000
E    Isym    Iasym
-20.883933 0.000000 0.677801
38.123381 0.150686 0.000000
79.116067 0.000000 0.216896
116.137701 0.000000 0.028197
138.123381 0.048219 0.000000
163.316364 0.487788 0.000000
179.116067 0.000000 0.034703
205.993123 0.085643 0.000000
216.137701 0.000000 0.009023
238.123381 0.007715 0.000000
263.316364 0.156092 0.000000
263.807697 0.000000 0.010667
279.116067 0.000000 0.003702
305.993123 0.027406 0.000000
313.066803 0.000000 0.009397
316.137702 0.000000 0.001444
338.123381 0.000823 0.000000
354.129063 0.001090 0.000000
363.316366 0.024975 0.000000
363.807700 0.000000 0.003413
379.116067 0.000000 0.000296
405.993140 0.004385 0.000000
413.066811 0.000000 0.003007
416.137723 0.000000 0.000154
426.576675 0.000934 0.000000
438.123396 0.000066 0.000000
443.444890 0.000000 0.000057
454.129131 0.000349 0.000000
463.316405 0.002664 0.000000
463.807822 0.000000 0.000546
479.116077 0.000000 0.000019
505.993562 0.000468 0.000000
513.067060 0.000000 0.000481
516.138108 0.000000 0.000012
526.576799 0.000299 0.000000
533.538904 0.000007 0.000000
538.123613 0.000004 0.000000
539.020904 0.000000 0.000029
543.445758 0.000000 0.000018
554.131290 0.000056 0.000000
563.317043 0.000213 0.000000
563.810390 0.000000 0.000058
579.116187 0.000000 0.000001
605.999686 0.000037 0.000000
613.071633 0.000000 0.000051
616.142654 0.000000 0.000001
625.001856 0.000000 0.000000
626.580028 0.000048 0.000000
633.546562 0.000002 0.000000
638.125733 0.000000 0.000000
639.022784 0.000000 0.000009
643.467238 0.000000 0.000003
648.918139 0.000001 0.000000
654.166183 0.000006 0.000000
663.323575 0.000014 0.000000
663.841515 0.000000 0.000005
679.117065 0.000000 0.000000
706.053281 0.000002 0.000000
713.117229 0.000000 0.000004
716.177469 0.000000 0.000000
718.413114 0.000000 0.000000
725.048859 0.000000 0.000000
726.619383 0.000005 0.000000
733.685531 0.000000 0.000000
738.139740 0.000000 0.000000
739.054612 0.000000 0.000001
743.719756 0.000000 0.000000
748.938467 0.000000 0.000000
754.469226 0.000001 0.000000
755.474804 0.000000 0.000000
763.366479 0.000001 0.000000
764.061940 0.000000 0.000000
779.122017 0.000000 0.000000
806.329406 0.000000 0.000000
813.345372 0.000000 0.000000
814.588542 0.000000 0.000000
816.355522 0.000000 0.000000
818.601306 0.000000 0.000000
825.614493 0.000000 0.000000
826.826513 0.000000 0.000000
834.775251 0.000000 0.000000
838.204193 0.000000 0.000000
839.245419 0.000000 0.000000
845.244243 0.000000 0.000000
849.164299 0.000000 0.000000
855.643840 0.000000 0.000000
855.956079 0.000000 0.000000
858.108606 0.000000 0.000000
863.572982 0.000000 0.000000
865.029377 0.000000 0.000000
879.142786 0.000000 0.000000
907.195007 0.000000 0.000000
913.859695 0.000000 0.000000
914.242435 0.000000 0.000000
915.070338 0.000000 0.000000
917.031087 0.000000 0.000000
919.975641 0.000000 0.000000
927.233341 0.000000 0.000000
928.122995 0.000000 0.000000
938.225495 0.000000 0.000000
938.663854 0.000000 0.000000
939.672360 0.000000 0.000000
950.007087 0.000000 0.000000
950.319979 0.000000 0.000000
956.745557 0.000000 0.000000
957.863438 0.000000 0.000000
958.644589 0.000000 0.000000
960.870668 0.000000 0.000000
964.919666 0.000000 0.000000
968.330634 0.000000 0.000000
979.215801 0.000000 0.000000
1009.168349 0.000000 0.000000
1014.493629 0.000000 0.000000
1014.918348 0.000000 0.000000
1016.642039 0.000000 0.000000
1017.813678 0.000000 0.000000
1019.084526 0.000000 0.000000
1024.287550 0.000000 0.000000
1027.670065 0.000000 0.000000
1032.883746 0.000000 0.000000
1038.861862 0.000000 0.000000
1040.472315 0.000000 0.000000
1043.181912 0.000000 0.000000
1053.150324 0.000000 0.000000
1053.817770 0.000000 0.000000
1054.853450 0.000000 0.000000
1058.567736 0.000000 0.000000
1062.476839 0.000000 0.000000
1065.691940 0.000000 0.000000
1066.999758 0.000000 0.000000
1078.973059 0.000000 0.000000
1079.020542 0.000000 0.000000
1080.970756 0.000000 0.000000
1112.995456 0.000000 0.000000
1115.247685 0.000000 0.000000
1117.098645 0.000000 0.000000
1117.199505 0.000000 0.000000
1122.449597 0.000000 0.000000
1123.073577 0.000000 0.000000
1123.647797 0.000000 0.000000
1128.246551 0.000000 0.000000
1132.145494 0.000000 0.000000
1137.451314 0.000000 0.000000
1139.921713 0.000000 0.000000
1143.185303 0.000000 0.000000
1145.902988 0.000000 0.000000
1149.505451 0.000000 0.000000
1155.537440 0.000000 0.000000
1157.154351 0.000000 0.000000
1159.123812 0.000000 0.000000
1166.042048 0.000000 0.000000
1167.435746 0.000000 0.000000
1179.384481 0.000000 0.000000
1181.412620 0.000000 0.000000
1183.460139 0.000000 0.000000
1207.574569 0.000000 0.000000
1208.636916 0.000000 0.000000
1217.790474 0.000000 0.000000
1219.138924 0.000000 0.000000
1219.355424 0.000000 0.000000
1221.273094 0.000000 0.000000
1225.968934 0.000000 0.000000
1228.282521 0.000000 0.000000
1230.634773 0.000000 0.000000
1231.112086 0.000000 0.000000
1232.582709 0.000000 0.000000
1240.187485 0.000000 0.000000
1241.851669 0.000000 0.000000
1243.508488 0.000000 0.000000
1245.104348 0.000000 0.000000
1249.131989 0.000000 0.000000
1251.403328 0.000000 0.000000
1254.290001 0.000000 0.000000
1259.978049 0.000000 0.000000
1263.714976 0.000000 0.000000
1266.236014 0.000000 0.000000
1279.630552 0.000000 0.000000
1280.387810 0.000000 0.000000
1285.072650 0.000000 0.000000
1306.973900 0.000000 0.000000
1308.454808 0.000000 0.000000
1317.850813 0.000000 0.000000
1321.736053 0.000000 0.000000
1322.291316 0.000000 0.000000
1323.845269 0.000000 0.000000
1328.560066 0.000000 0.000000
1330.431793 0.000000 0.000000
1333.051704 0.000000 0.000000
1333.326316 0.000000 0.000000
1334.868713 0.000000 0.000000
1337.697574 0.000000 0.000000
1341.306112 0.000000 0.000000
1341.922825 0.000000 0.000000
1345.628032 0.000000 0.000000
1347.400571 0.000000 0.000000
1351.526127 0.000000 0.000000
1353.468756 0.000000 0.000000
1354.725238 0.000000 0.000000
1363.227216 0.000000 0.000000
1364.643176 0.000000 0.000000
1378.368360 0.000000 0.000000
1378.915961 0.000000 0.000000
1383.586224 0.000000 0.000000
1388.787376 0.000000 0.000000
1389.006609 0.000000 0.000000
1408.662022 0.000000 0.000000
1409.632577 0.000000 0.000000
1419.088673 0.000000 0.000000
1422.252999 0.000000 0.000000
1426.005896 0.000000 0.000000
1427.090418 0.000000 0.000000
1428.113675 0.000000 0.000000
1431.947286 0.000000 0.000000
1433.752641 0.000000 0.000000
1433.819303 0.000000 0.000000
1439.640082 0.000000 0.000000
1439.787007 0.000000 0.000000
1440.928193 0.000000 0.000000
1441.589768 0.000000 0.000000
1447.630714 0.000000 0.000000
1449.525573 0.000000 0.000000
1449.762261 0.000000 0.000000
1454.237373 0.000000 0.000000
1454.537812 0.000000 0.000000
1458.273968 0.000000 0.000000
1465.582241 0.000000 0.000000
1476.556677 0.000000 0.000000
1478.308029 0.000000 0.000000
1483.786784 0.000000 0.000000
1498.203554 0.000000 0.000000
1498.509076 0.000000 0.000000
1504.890234 0.000000 0.000000
1510.608121 0.000000 0.000000
1522.794735 0.000000 0.000000
1524.477364 0.000000 0.000000
1525.840633 0.000000 0.000000
1527.531739 0.000000 0.000000
1531.371667 0.000000 0.000000
1534.447524 0.000000 0.000000
1534.495643 0.000000 0.000000
1537.898050 0.000000 0.000000
1539.094366 0.000000 0.000000
1540.819869 0.000000 0.000000
1542.215158 0.000000 0.000000
1544.363489 0.000000 0.000000
1549.205154 0.000000 0.000000
1550.628924 0.000000 0.000000
1557.387345 0.000000 0.000000
1557.389828 0.000000 0.000000
1560.227223 0.000000 0.000000
1575.509664 0.000000 0.000000
1579.686739 0.000000 0.000000
1584.996777 0.000000 0.000000
1595.178549 0.000000 0.000000
1597.191987 0.000000 0.000000
1602.492365 0.000000 0.000000
1604.224300 0.000000 0.000000
1613.454288 0.000000 0.000000
1615.245798 0.000000 0.000000
1626.067306 0.000000 0.000000
1627.398247 0.000000 0.000000
1629.226304 0.000000 0.000000
1630.771317 0.000000 0.000000
1634.074976 0.000000 0.000000
1636.356224 0.000000 0.000000
1637.954975 0.000000 0.000000
1638.554965 0.000000 0.000000
1641.152726 0.000000 0.000000
1646.846634 0.000000 0.000000
1647.087426 0.000000 0.000000
1649.789126 0.000000 0.000000
1654.026523 0.000000 0.000000
1657.736253 0.000000 0.000000
1659.546049 0.000000 0.000000
1670.178078 0.000000 0.000000
1683.661382 0.000000 0.000000
1687.057878 0.000000 0.000000
1690.746995 0.000000 0.000000
1696.785966 0.000000 0.000000
1700.139841 0.000000 0.000000
1700.831455 0.000000 0.000000
1713.386875 0.000000 0.000000
1716.609897 0.000000 0.000000
1727.679434 0.000000 0.000000
1729.035655 0.000000 0.000000
1733.166394 0.000000 0.000000
1733.230187 0.000000 0.000000
1735.868988 0.000000 0.000000
1737.664585 0.000000 0.000000
1741.732443 0.000000 0.000000
1744.500025 0.000000 0.000000
1747.728296 0.000000 0.000000
1750.602661 0.000000 0.000000
1756.556986 0.000000 0.000000
1756.814186 0.000000 0.000000
1760.102656 0.000000 0.000000
1764.350450 0.000000 0.000000
1782.707023 0.000000 0.000000
1789.109825 0.000000 0.000000
1791.061952 0.000000 0.000000
1795.107311 0.000000 0.000000
1797.728082 0.000000 0.000000
1799.742125 0.000000 0.000000
1814.424155 0.000000 0.000000
1819.602241 0.000000 0.000000
1826.619737 0.000000 0.000000
1829.776808 0.000000 0.000000
1835.412726 0.000000 0.000000
1837.800103 0.000000 0.000000
1838.897734 0.000000 0.000000
1842.295917 0.000000 0.000000
1847.534874 0.000000 0.000000
1849.792845 0.000000 0.000000
1851.854747 0.000000 0.000000
1858.219892 0.000000 0.000000
1862.535206 0.000000 0.000000
1866.971281 0.000000 0.000000
1867.060789 0.000000 0.000000
1871.147157 0.000000 0.000000
1871.709584 0.000000 0.000000
1890.652565 0.000000 0.000000
1892.431635 0.000000 0.000000
1895.188970 0.000000 0.000000
1898.708528 0.000000 0.000000
1899.982911 0.000000 0.000000
1912.144471 0.000000 0.000000
1923.488804 0.000000 0.000000
1929.153385 0.000000 0.000000
1932.833985 0.000000 0.000000
1936.931812 0.000000 0.000000
1939.953075 0.000000 0.000000
1942.947719 0.000000 0.000000
1949.241834 0.000000 0.000000
1953.038737 0.000000 0.000000
1954.364649 0.000000 0.000000
1965.248257 0.000000 0.000000
1965.998074 0.000000 0.000000
1968.452691 0.000000 0.000000
1968.742488 0.000000 0.000000
1976.674872 0.000000 0.000000
1990.635279 0.000000 0.000000
1993.550887 0.000000 0.000000
1994.742733 0.000000 0.000000
1998.292456 0.000000 0.000000
1999.160454 0.000000 0.000000
2018.012201 0.000000 0.000000
2022.854600 0.000000 0.000000
2031.353443 0.000000 0.000000
2036.681893 0.000000 0.000000
2039.635783 0.000000 0.000000
2044.200831 0.000000 0.000000
2051.876446 0.000000 0.000000
2054.282311 0.000000 0.000000
2059.677702 0.000000 0.000000
2065.091384 0.000000 0.000000
2069.541042 0.000000 0.000000
2070.262733 0.000000 0.000000
2080.596410 0.000000 0.000000
2090.697754 0.000000 0.000000
2094.501634 0.000000 0.000000
2096.124179 0.000000 0.000000
2101.092729 0.000000 0.000000
2103.238394 0.000000 0.000000
2115.241119 0.000000 0.000000
2129.173552 0.000000 0.000000
2135.043530 0.000000 0.000000
2139.832302 0.000000 0.000000
2146.588238 0.000000 0.000000
2149.323621 0.000000 0.000000
2163.158513 0.000000 0.000000
2164.713820 0.000000 0.000000
2170.982715 0.000000 0.000000
2171.085754 0.000000 0.000000
2176.666258 0.000000 0.000000
2179.296830 0.000000 0.000000
2198.403683 0.000000 0.000000
2202.366168 0.000000 0.000000
2203.886142 0.000000 0.000000
2210.570947 0.000000 0.000000
2218.530728 0.000000 0.000000
2232.002686 0.000000 0.000000
2241.243417 0.000000 0.000000
2247.327118 0.000000 0.000000
2254.517055 0.000000 0.000000
2266.179387 0.000000 0.000000
2270.829998 0.000000 0.000000
2273.036354 0.000000 0.000000
2281.532423 0.000000 0.000000
2281.678258 0.000000 0.000000
2293.027109 0.000000 0.000000
2294.922554 0.000000 0.000000
2309.108884 0.000000 0.000000
2311.221082 0.000000 0.000000
2328.925183 0.000000 0.000000
2332.980556 0.000000 0.000000
2355.884522 0.000000 0.000000
2360.333590 0.000000 0.000000
2367.558309 0.000000 0.000000
2374.184974 0.000000 0.000000
2379.109631 0.000000 0.000000
2386.318339 0.000000 0.000000
2392.324805 0.000000 0.000000
2399.672803 0.000000 0.000000
2410.852088 0.000000 0.000000
2420.212355 0.000000 0.000000
2421.574158 0.000000 0.000000
2444.692316 0.000000 0.000000
2469.150219 0.000000 0.000000
2469.815620 0.000000 0.000000
2475.322763 0.000000 0.000000
2484.269836 0.000000 0.000000
2489.187722 0.000000 0.000000
2505.029909 0.000000 0.000000
2510.751233 0.000000 0.000000
2517.758760 0.000000 0.000000
2526.089428 0.000000 0.000000
2553.605157 0.000000 0.000000
2574.332034 0.000000 0.000000
2574.569849 0.000000 0.000000
2587.239475 0.000000 0.000000
2595.474838 0.000000 0.000000
2612.412100 0.000000 0.000000
2615.121153 0.000000 0.000000
2627.766540 0.000000 0.000000
2661.597497 0.000000 0.000000
2662.808422 0.000000 0.000000
2673.807923 0.000000 0.000000
2690.177865 0.000000 0.000000
2694.385484 0.000000 0.000000
2719.716282 0.000000 0.000000
2746.744167 0.000000 0.000000
2766.979700 0.000000 0.000000
2784.652966 0.000000 0.000000
2790.201669 0.000000 0.000000
2800.192012 0.000000 0.000000
2814.472009 0.000000 0.000000
2847.024637 0.000000 0.000000
2863.952807 0.000000 0.000000
2895.247936 0.000000 0.000000
2898.823474 0.000000 0.000000
2952.585431 0.000000 0.000000
2967.565252 0.000000 0.000000
2995.515891 0.000000 0.000000
3019.108615 0.000000 0.000000
3038.757450 0.000000 0.000000
3080.917094 0.000000 0.000000
3131.801625 0.000000 0.000000
3186.823821 0.000000 0.000000
3247.553208 0.000000 0.000000
3292.228595 0.000000 0.000000
