Number of states: 450
Sparse Hamiltonian computation time: 0 seconds 0 milliseconds
Time to set up matrix: 0 seconds 0 milliseconds
Diagonalization time: 2 seconds 0 milliseconds
Vab = 10.000000
w = 100.000000
b = 0.800000
E    Isym    Iasym
30.250032 0.000000 0.565385
40.725633 0.480983 0.000000
130.250032 0.000000 0.180923
134.542826 0.000000 0.131854
137.583954 0.213667 0.000000
140.725633 0.153915 0.000000
230.250032 0.000000 0.028948
232.122997 0.028587 0.000000
234.542826 0.000000 0.042193
237.583954 0.068374 0.000000
239.948627 0.000000 0.025516
240.725633 0.024626 0.000000
330.250032 0.000000 0.003088
332.121669 0.000000 0.003185
332.122998 0.009148 0.000000
334.542826 0.000000 0.006751
337.583955 0.010940 0.000000
339.813409 0.002618 0.000000
339.948628 0.000000 0.008165
340.725633 0.002627 0.000000
430.250036 0.000000 0.000247
432.121687 0.000000 0.001019
432.123026 0.001464 0.000000
433.395186 0.000280 0.000000
434.542848 0.000000 0.000720
437.583975 0.001167 0.000000
438.523485 0.000000 0.000191
439.813434 0.000838 0.000000
439.948661 0.000000 0.001306
440.725640 0.000210 0.000000
530.250097 0.000000 0.000016
532.122320 0.000000 0.000163
532.123685 0.000156 0.000000
533.395522 0.000089 0.000000
534.543236 0.000000 0.000058
535.100432 0.000000 0.000017
536.869799 0.000013 0.000000
537.584324 0.000093 0.000000
538.523925 0.000000 0.000061
539.814254 0.000134 0.000000
539.949430 0.000000 0.000139
540.725748 0.000013 0.000000
630.250707 0.000000 0.000001
632.132605 0.000012 0.000000
632.133401 0.000000 0.000017
633.404235 0.000014 0.000000
634.547629 0.000000 0.000004
635.104428 0.000000 0.000005
635.308685 0.000000 0.000001
636.713322 0.000001 0.000000
636.874786 0.000004 0.000000
637.588267 0.000006 0.000000
638.535140 0.000000 0.000010
639.828459 0.000014 0.000000
639.959777 0.000000 0.000011
640.726826 0.000001 0.000000
730.254669 0.000000 0.000000
732.197691 0.000001 0.000000
732.233267 0.000000 0.000001
733.510474 0.000001 0.000000
734.090895 0.000000 0.000000
734.577436 0.000000 0.000000
735.163526 0.000000 0.000001
735.359849 0.000000 0.000001
736.732079 0.000000 0.000000
736.976939 0.000001 0.000000
737.618337 0.000000 0.000000
737.960994 0.000000 0.000000
738.673002 0.000000 0.000001
739.971418 0.000001 0.000000
740.053417 0.000000 0.000001
740.735387 0.000000 0.000000
830.269956 0.000000 0.000000
832.390783 0.000000 0.000000
832.577343 0.000000 0.000000
833.330737 0.000000 0.000000
833.903486 0.000000 0.000000
834.300555 0.000000 0.000000
834.697170 0.000000 0.000000
835.234690 0.000000 0.000000
836.082436 0.000000 0.000000
836.779387 0.000000 0.000000
837.638133 0.000000 0.000000
838.040642 0.000000 0.000000
838.081243 0.000000 0.000000
838.776688 0.000000 0.000000
839.445451 0.000000 0.000000
840.698749 0.000000 0.000000
841.136013 0.000000 0.000000
841.299105 0.000000 0.000000
930.310822 0.000000 0.000000
932.704179 0.000000 0.000000
933.015051 0.000000 0.000000
933.052030 0.000000 0.000000
933.619401 0.000000 0.000000
934.566331 0.000000 0.000000
934.762636 0.000000 0.000000
935.022521 0.000000 0.000000
935.436525 0.000000 0.000000
936.879125 0.000000 0.000000
936.898201 0.000000 0.000000
937.971930 0.000000 0.000000
938.684010 0.000000 0.000000
938.745921 0.000000 0.000000
939.224509 0.000000 0.000000
940.500551 0.000000 0.000000
941.101063 0.000000 0.000000
941.155328 0.000000 0.000000
950.096747 0.000000 0.000000
950.113800 0.000000 0.000000
1030.399601 0.000000 0.000000
1033.086991 0.000000 0.000000
1033.159405 0.000000 0.000000
1033.355683 0.000000 0.000000
1033.547785 0.000000 0.000000
1034.525201 0.000000 0.000000
1034.980731 0.000000 0.000000
1035.467530 0.000000 0.000000
1035.573789 0.000000 0.000000
1035.944635 0.000000 0.000000
1037.126058 0.000000 0.000000
1037.168927 0.000000 0.000000
1038.322570 0.000000 0.000000
1038.882178 0.000000 0.000000
1039.034247 0.000000 0.000000
1040.088824 0.000000 0.000000
1041.149827 0.000000 0.000000
1041.327883 0.000000 0.000000
1050.189442 0.000000 0.000000
1050.209227 0.000000 0.000000
1074.179082 0.000000 0.000000
1074.180993 0.000000 0.000000
1130.562123 0.000000 0.000000
1133.433034 0.000000 0.000000
1133.503028 0.000000 0.000000
1133.676886 0.000000 0.000000
1133.875077 0.000000 0.000000
1134.657460 0.000000 0.000000
1135.307214 0.000000 0.000000
1135.404883 0.000000 0.000000
1135.888759 0.000000 0.000000
1135.929321 0.000000 0.000000
1136.543020 0.000000 0.000000
1137.393795 0.000000 0.000000
1137.447974 0.000000 0.000000
1138.638113 0.000000 0.000000
1138.658451 0.000000 0.000000
1139.731468 0.000000 0.000000
1140.850708 0.000000 0.000000
1141.624974 0.000000 0.000000
1150.159924 0.000000 0.000000
1150.194828 0.000000 0.000000
1174.196180 0.000000 0.000000
1174.202703 0.000000 0.000000
1217.665029 0.000000 0.000000
1217.667711 0.000000 0.000000
1230.808875 0.000000 0.000000
1233.912529 0.000000 0.000000
1233.929701 0.000000 0.000000
1234.102371 0.000000 0.000000
1234.110975 0.000000 0.000000
1235.199475 0.000000 0.000000
1235.489788 0.000000 0.000000
1235.810415 0.000000 0.000000
1235.859972 0.000000 0.000000
1236.162494 0.000000 0.000000
1236.209747 0.000000 0.000000
1237.200483 0.000000 0.000000
1237.632342 0.000000 0.000000
1237.691984 0.000000 0.000000
1238.341172 0.000000 0.000000
1239.230544 0.000000 0.000000
1240.401466 0.000000 0.000000
1241.914117 0.000000 0.000000
1250.119100 0.000000 0.000000
1250.170201 0.000000 0.000000
1274.184230 0.000000 0.000000
1274.185340 0.000000 0.000000
1317.451558 0.000000 0.000000
1317.466275 0.000000 0.000000
1331.116707 0.000000 0.000000
1334.181639 0.000000 0.000000
1334.346727 0.000000 0.000000
1334.429116 0.000000 0.000000
1334.826251 0.000000 0.000000
1335.675704 0.000000 0.000000
1335.687165 0.000000 0.000000
1335.842660 0.000000 0.000000
1335.916583 0.000000 0.000000
1335.952069 0.000000 0.000000
1336.327666 0.000000 0.000000
1336.371736 0.000000 0.000000
1337.799676 0.000000 0.000000
1337.897147 0.000000 0.000000
1337.899008 0.000000 0.000000
1338.731238 0.000000 0.000000
1339.406088 0.000000 0.000000
1341.942079 0.000000 0.000000
1349.912246 0.000000 0.000000
1350.416501 0.000000 0.000000
1374.168492 0.000000 0.000000
1374.172956 0.000000 0.000000
1386.767656 0.000000 0.000000
1386.767821 0.000000 0.000000
1417.457833 0.000000 0.000000
1417.477576 0.000000 0.000000
1431.461146 0.000000 0.000000
1434.349825 0.000000 0.000000
1434.577460 0.000000 0.000000
1435.069075 0.000000 0.000000
1435.261667 0.000000 0.000000
1435.645124 0.000000 0.000000
1435.809158 0.000000 0.000000
1435.856284 0.000000 0.000000
1436.158798 0.000000 0.000000
1436.171234 0.000000 0.000000
1436.231480 0.000000 0.000000
1436.284776 0.000000 0.000000
1436.429213 0.000000 0.000000
1437.945509 0.000000 0.000000
1438.056513 0.000000 0.000000
1439.017621 0.000000 0.000000
1439.357866 0.000000 0.000000
1440.731960 0.000000 0.000000
1449.055615 0.000000 0.000000
1451.268189 0.000000 0.000000
1474.139106 0.000000 0.000000
1474.212982 0.000000 0.000000
1486.970055 0.000000 0.000000
1486.972206 0.000000 0.000000
1517.522545 0.000000 0.000000
1517.539840 0.000000 0.000000
1531.846023 0.000000 0.000000
1534.610271 0.000000 0.000000
1534.774840 0.000000 0.000000
1535.377483 0.000000 0.000000
1535.518762 0.000000 0.000000
1535.838436 0.000000 0.000000
1535.870101 0.000000 0.000000
1535.974945 0.000000 0.000000
1536.006172 0.000000 0.000000
1536.067252 0.000000 0.000000
1536.159209 0.000000 0.000000
1537.084796 0.000000 0.000000
1538.183987 0.000000 0.000000
1538.609457 0.000000 0.000000
1539.733072 0.000000 0.000000
1540.959970 0.000000 0.000000
1547.728724 0.000000 0.000000
1551.834730 0.000000 0.000000
1573.920848 0.000000 0.000000
1574.527392 0.000000 0.000000
1586.947468 0.000000 0.000000
1586.954315 0.000000 0.000000
1590.436242 0.000000 0.000000
1590.436349 0.000000 0.000000
1617.598121 0.000000 0.000000
1617.609614 0.000000 0.000000
1632.261171 0.000000 0.000000
1634.792922 0.000000 0.000000
1635.119199 0.000000 0.000000
1635.624701 0.000000 0.000000
1635.902443 0.000000 0.000000
1635.957902 0.000000 0.000000
1635.971322 0.000000 0.000000
1635.993750 0.000000 0.000000
1636.004139 0.000000 0.000000
1636.056891 0.000000 0.000000
1637.805254 0.000000 0.000000
1638.535582 0.000000 0.000000
1639.648379 0.000000 0.000000
1641.086691 0.000000 0.000000
1649.213921 0.000000 0.000000
1650.195408 0.000000 0.000000
1672.950841 0.000000 0.000000
1675.574652 0.000000 0.000000
1686.882428 0.000000 0.000000
1686.886737 0.000000 0.000000
1690.349294 0.000000 0.000000
1690.350085 0.000000 0.000000
1717.664623 0.000000 0.000000
1717.741011 0.000000 0.000000
1732.753989 0.000000 0.000000
1735.017775 0.000000 0.000000
1735.556272 0.000000 0.000000
1735.883647 0.000000 0.000000
1735.915812 0.000000 0.000000
1735.970408 0.000000 0.000000
1736.075656 0.000000 0.000000
1736.148791 0.000000 0.000000
1736.305858 0.000000 0.000000
1738.510102 0.000000 0.000000
1739.658837 0.000000 0.000000
1740.891201 0.000000 0.000000
1749.193044 0.000000 0.000000
1750.640566 0.000000 0.000000
1771.801764 0.000000 0.000000
1776.383505 0.000000 0.000000
1786.838474 0.000000 0.000000
1786.845570 0.000000 0.000000
1790.271878 0.000000 0.000000
1790.275498 0.000000 0.000000
1817.543774 0.000000 0.000000
1818.123624 0.000000 0.000000
1833.413053 0.000000 0.000000
1835.489928 0.000000 0.000000
1835.738497 0.000000 0.000000
1835.929955 0.000000 0.000000
1836.071789 0.000000 0.000000
1836.186715 0.000000 0.000000
1836.216777 0.000000 0.000000
1837.060701 0.000000 0.000000
1840.048761 0.000000 0.000000
1840.483133 0.000000 0.000000
1849.180590 0.000000 0.000000
1850.566949 0.000000 0.000000
1854.232677 0.000000 0.000000
1854.232681 0.000000 0.000000
1873.479414 0.000000 0.000000
1874.603965 0.000000 0.000000
1886.874196 0.000000 0.000000
1886.883310 0.000000 0.000000
1890.229233 0.000000 0.000000
1890.238644 0.000000 0.000000
1916.638033 0.000000 0.000000
1919.234272 0.000000 0.000000
1934.309840 0.000000 0.000000
1935.716679 0.000000 0.000000
1935.970983 0.000000 0.000000
1936.182224 0.000000 0.000000
1936.187176 0.000000 0.000000
1936.590030 0.000000 0.000000
1938.719491 0.000000 0.000000
1941.117325 0.000000 0.000000
1948.787317 0.000000 0.000000
1950.693739 0.000000 0.000000
1954.270573 0.000000 0.000000
1954.270781 0.000000 0.000000
1973.161662 0.000000 0.000000
1974.619679 0.000000 0.000000
1987.046923 0.000000 0.000000
1987.135914 0.000000 0.000000
1990.233934 0.000000 0.000000
1990.242369 0.000000 0.000000
2015.344687 0.000000 0.000000
2020.421597 0.000000 0.000000
2035.329937 0.000000 0.000000
2036.016980 0.000000 0.000000
2036.225762 0.000000 0.000000
2036.448768 0.000000 0.000000
2037.959838 0.000000 0.000000
2040.637377 0.000000 0.000000
2049.736117 0.000000 0.000000
2049.864415 0.000000 0.000000
2054.322142 0.000000 0.000000
2054.325121 0.000000 0.000000
2072.775793 0.000000 0.000000
2074.670758 0.000000 0.000000
2086.863369 0.000000 0.000000
2087.276323 0.000000 0.000000
2090.317743 0.000000 0.000000
2090.318296 0.000000 0.000000
2116.874787 0.000000 0.000000
2119.019973 0.000000 0.000000
2136.167328 0.000000 0.000000
2136.435747 0.000000 0.000000
2138.300966 0.000000 0.000000
2139.686472 0.000000 0.000000
2148.320903 0.000000 0.000000
2151.091273 0.000000 0.000000
2154.390015 0.000000 0.000000
2154.421014 0.000000 0.000000
2172.950008 0.000000 0.000000
2174.664080 0.000000 0.000000
2185.681081 0.000000 0.000000
2187.661683 0.000000 0.000000
2190.502159 0.000000 0.000000
2190.508223 0.000000 0.000000
2217.735510 0.000000 0.000000
2218.470487 0.000000 0.000000
2238.764317 0.000000 0.000000
2239.199085 0.000000 0.000000
2247.929585 0.000000 0.000000
2250.644861 0.000000 0.000000
2254.561878 0.000000 0.000000
2254.681501 0.000000 0.000000
2273.530270 0.000000 0.000000
2274.141823 0.000000 0.000000
2284.348776 0.000000 0.000000
2289.208508 0.000000 0.000000
2290.317726 0.000000 0.000000
2290.515316 0.000000 0.000000
2316.406625 0.000000 0.000000
2319.605896 0.000000 0.000000
2348.316240 0.000000 0.000000
2349.259261 0.000000 0.000000
2354.837039 0.000000 0.000000
2354.845790 0.000000 0.000000
2372.350666 0.000000 0.000000
2375.722861 0.000000 0.000000
2384.216563 0.000000 0.000000
2388.193914 0.000000 0.000000
2390.383355 0.000000 0.000000
2391.056176 0.000000 0.000000
2417.839526 0.000000 0.000000
2418.330218 0.000000 0.000000
2454.073290 0.000000 0.000000
2454.129368 0.000000 0.000000
2472.997459 0.000000 0.000000
2474.817176 0.000000 0.000000
2485.156091 0.000000 0.000000
2485.209633 0.000000 0.000000
2491.485531 0.000000 0.000000
2492.365143 0.000000 0.000000
2516.689755 0.000000 0.000000
2518.960231 0.000000 0.000000
2554.332370 0.000000 0.000000
2554.371359 0.000000 0.000000
2583.933544 0.000000 0.000000
2587.729577 0.000000 0.000000
2589.180318 0.000000 0.000000
2592.824188 0.000000 0.000000
2616.515976 0.000000 0.000000
2619.119213 0.000000 0.000000
2654.297010 0.000000 0.000000
2654.301905 0.000000 0.000000
2686.426830 0.000000 0.000000
2686.806730 0.000000 0.000000
2686.946033 0.000000 0.000000
2693.539869 0.000000 0.000000
2753.999138 0.000000 0.000000
2754.094285 0.000000 0.000000
2784.118559 0.000000 0.000000
2787.665232 0.000000 0.000000
2789.496364 0.000000 0.000000
2792.819572 0.000000 0.000000
2853.964634 0.000000 0.000000
2854.164642 0.000000 0.000000
2889.862576 0.000000 0.000000
2890.299790 0.000000 0.000000
2953.502168 0.000000 0.000000
2954.591146 0.000000 0.000000
2988.077465 0.000000 0.000000
2992.772543 0.000000 0.000000
3052.041408 0.000000 0.000000
3056.207603 0.000000 0.000000
3149.785939 0.000000 0.000000
3158.293963 0.000000 0.000000
3251.241020 0.000000 0.000000
3257.337979 0.000000 0.000000
