Number of states: 450
Sparse Hamiltonian computation time: 0 seconds 0 milliseconds
Time to set up matrix: 0 seconds 0 milliseconds
Diagonalization time: 2 seconds 0 milliseconds
Vab = 125.000000
w = 100.000000
b = 0.800000
E    Isym    Iasym
-66.803991 0.000000 0.701274
7.016230 0.057919 0.000000
33.196009 0.000000 0.224408
87.408866 0.000000 0.011072
107.016230 0.018534 0.000000
133.196009 0.000000 0.035905
168.702422 0.042607 0.000000
187.408866 0.000000 0.003543
207.016230 0.002965 0.000000
211.344199 0.624030 0.000000
233.196009 0.000000 0.003830
253.259905 0.000000 0.001196
268.702422 0.013634 0.000000
287.408866 0.000000 0.000567
307.016231 0.000316 0.000000
311.344199 0.199689 0.000000
331.384097 0.000000 0.012550
333.196009 0.000000 0.000306
339.394385 0.000436 0.000000
353.259910 0.000000 0.000383
368.702433 0.002181 0.000000
387.408880 0.000000 0.000060
407.016240 0.000025 0.000000
411.344200 0.031950 0.000000
426.878669 0.000000 0.000031
431.384099 0.000000 0.004016
433.196013 0.000000 0.000020
439.394460 0.000140 0.000000
447.908541 0.001148 0.000000
453.260100 0.000000 0.000061
468.702706 0.000233 0.000000
487.409145 0.000000 0.000005
507.016381 0.000002 0.000000
511.344243 0.003408 0.000000
515.726342 0.000008 0.000000
526.879544 0.000000 0.000010
531.384167 0.000000 0.000643
533.196052 0.000000 0.000001
539.396903 0.000022 0.000000
547.908621 0.000368 0.000000
553.264139 0.000000 0.000007
561.266388 0.000000 0.000025
568.707007 0.000019 0.000000
587.412448 0.000000 0.000000
606.453638 0.000000 0.000001
607.017843 0.000000 0.000000
611.344828 0.000273 0.000000
615.733750 0.000003 0.000000
626.901630 0.000000 0.000002
631.385307 0.000000 0.000069
633.196405 0.000000 0.000000
639.436960 0.000002 0.000000
647.910521 0.000059 0.000000
653.313097 0.000000 0.000001
661.268766 0.000000 0.000008
668.748542 0.000001 0.000000
669.837232 0.000001 0.000000
687.439085 0.000000 0.000000
701.117114 0.000000 0.000000
706.497516 0.000000 0.000000
707.028060 0.000000 0.000000
711.349542 0.000017 0.000000
715.871377 0.000000 0.000000
727.163963 0.000000 0.000000
731.396174 0.000000 0.000006
733.198634 0.000000 0.000000
739.787134 0.000000 0.000000
747.932206 0.000006 0.000000
753.655711 0.000000 0.000000
761.307077 0.000000 0.000001
768.992469 0.000000 0.000000
769.888890 0.000000 0.000000
770.237439 0.000000 0.000000
787.577803 0.000000 0.000000
801.270058 0.000000 0.000000
803.356532 0.000000 0.000000
807.048768 0.000000 0.000000
807.075848 0.000000 0.000000
811.369645 0.000001 0.000000
816.964339 0.000000 0.000000
828.663713 0.000000 0.000000
831.478038 0.000000 0.000000
833.209195 0.000000 0.000000
841.429870 0.000000 0.000000
848.076961 0.000001 0.000000
855.068213 0.000000 0.000000
861.580512 0.000000 0.000000
864.626203 0.000000 0.000000
869.837314 0.000000 0.000000
870.480432 0.000000 0.000000
870.648604 0.000000 0.000000
888.073560 0.000000 0.000000
902.444380 0.000000 0.000000
903.535949 0.000000 0.000000
907.238282 0.000000 0.000000
909.818443 0.000000 0.000000
911.198394 0.000000 0.000000
911.423742 0.000000 0.000000
920.978409 0.000000 0.000000
931.122307 0.000000 0.000000
933.214136 0.000000 0.000000
933.896138 0.000000 0.000000
945.435758 0.000000 0.000000
949.256026 0.000000 0.000000
957.237108 0.000000 0.000000
958.717667 0.000000 0.000000
962.847949 0.000000 0.000000
965.685515 0.000000 0.000000
972.055576 0.000000 0.000000
973.313035 0.000000 0.000000
973.438114 0.000000 0.000000
989.487357 0.000000 0.000000
1004.396991 0.000000 0.000000
1005.924993 0.000000 0.000000
1007.697560 0.000000 0.000000
1011.539841 0.000000 0.000000
1011.829084 0.000000 0.000000
1016.686554 0.000000 0.000000
1020.598979 0.000000 0.000000
1029.295716 0.000000 0.000000
1031.348028 0.000000 0.000000
1033.322759 0.000000 0.000000
1042.721361 0.000000 0.000000
1047.259709 0.000000 0.000000
1049.677405 0.000000 0.000000
1057.445402 0.000000 0.000000
1059.752439 0.000000 0.000000
1061.624111 0.000000 0.000000
1069.214058 0.000000 0.000000
1071.065271 0.000000 0.000000
1078.205402 0.000000 0.000000
1082.032264 0.000000 0.000000
1082.034623 0.000000 0.000000
1093.331087 0.000000 0.000000
1106.810960 0.000000 0.000000
1108.689806 0.000000 0.000000
1109.621797 0.000000 0.000000
1111.969561 0.000000 0.000000
1116.696373 0.000000 0.000000
1120.949260 0.000000 0.000000
1128.189565 0.000000 0.000000
1129.982714 0.000000 0.000000
1131.728639 0.000000 0.000000
1133.523616 0.000000 0.000000
1142.236582 0.000000 0.000000
1142.491885 0.000000 0.000000
1147.588498 0.000000 0.000000
1154.317804 0.000000 0.000000
1154.399582 0.000000 0.000000
1163.496979 0.000000 0.000000
1167.493568 0.000000 0.000000
1168.250505 0.000000 0.000000
1177.500334 0.000000 0.000000
1186.521070 0.000000 0.000000
1191.388622 0.000000 0.000000
1196.258875 0.000000 0.000000
1202.557710 0.000000 0.000000
1208.038475 0.000000 0.000000
1210.288903 0.000000 0.000000
1211.870741 0.000000 0.000000
1212.378800 0.000000 0.000000
1214.942618 0.000000 0.000000
1222.633840 0.000000 0.000000
1228.721035 0.000000 0.000000
1230.762127 0.000000 0.000000
1231.413849 0.000000 0.000000
1233.981340 0.000000 0.000000
1236.139568 0.000000 0.000000
1238.856222 0.000000 0.000000
1245.169086 0.000000 0.000000
1247.878050 0.000000 0.000000
1250.184304 0.000000 0.000000
1261.085287 0.000000 0.000000
1262.245561 0.000000 0.000000
1265.751392 0.000000 0.000000
1273.758713 0.000000 0.000000
1275.444967 0.000000 0.000000
1284.393810 0.000000 0.000000
1294.213137 0.000000 0.000000
1300.761550 0.000000 0.000000
1309.482038 0.000000 0.000000
1310.973659 0.000000 0.000000
1311.050495 0.000000 0.000000
1315.022526 0.000000 0.000000
1318.182146 0.000000 0.000000
1320.490231 0.000000 0.000000
1330.010550 0.000000 0.000000
1330.462027 0.000000 0.000000
1330.589527 0.000000 0.000000
1333.452891 0.000000 0.000000
1334.756569 0.000000 0.000000
1339.314728 0.000000 0.000000
1344.091793 0.000000 0.000000
1345.005131 0.000000 0.000000
1345.480651 0.000000 0.000000
1348.952381 0.000000 0.000000
1350.478345 0.000000 0.000000
1351.018400 0.000000 0.000000
1362.148964 0.000000 0.000000
1365.633185 0.000000 0.000000
1374.205213 0.000000 0.000000
1375.840348 0.000000 0.000000
1388.872954 0.000000 0.000000
1393.786796 0.000000 0.000000
1394.414446 0.000000 0.000000
1404.861960 0.000000 0.000000
1410.252843 0.000000 0.000000
1411.494535 0.000000 0.000000
1418.369394 0.000000 0.000000
1418.742797 0.000000 0.000000
1421.888696 0.000000 0.000000
1425.680475 0.000000 0.000000
1430.367483 0.000000 0.000000
1431.472695 0.000000 0.000000
1434.957475 0.000000 0.000000
1437.445539 0.000000 0.000000
1437.783513 0.000000 0.000000
1445.148645 0.000000 0.000000
1445.430275 0.000000 0.000000
1447.248416 0.000000 0.000000
1447.574808 0.000000 0.000000
1450.662833 0.000000 0.000000
1455.641006 0.000000 0.000000
1458.355889 0.000000 0.000000
1464.056808 0.000000 0.000000
1468.598595 0.000000 0.000000
1473.154549 0.000000 0.000000
1483.293288 0.000000 0.000000
1483.507117 0.000000 0.000000
1501.778954 0.000000 0.000000
1504.076077 0.000000 0.000000
1507.351895 0.000000 0.000000
1511.137761 0.000000 0.000000
1515.511838 0.000000 0.000000
1520.093568 0.000000 0.000000
1523.033076 0.000000 0.000000
1524.555632 0.000000 0.000000
1530.158802 0.000000 0.000000
1531.245984 0.000000 0.000000
1534.322084 0.000000 0.000000
1538.802901 0.000000 0.000000
1543.768600 0.000000 0.000000
1545.434179 0.000000 0.000000
1546.905465 0.000000 0.000000
1548.134843 0.000000 0.000000
1549.449894 0.000000 0.000000
1549.578437 0.000000 0.000000
1555.508777 0.000000 0.000000
1563.255816 0.000000 0.000000
1563.972621 0.000000 0.000000
1569.359731 0.000000 0.000000
1576.386289 0.000000 0.000000
1583.711057 0.000000 0.000000
1595.455347 0.000000 0.000000
1605.418898 0.000000 0.000000
1607.019386 0.000000 0.000000
1610.275849 0.000000 0.000000
1614.322462 0.000000 0.000000
1620.982955 0.000000 0.000000
1622.923891 0.000000 0.000000
1628.920469 0.000000 0.000000
1631.913273 0.000000 0.000000
1632.322603 0.000000 0.000000
1634.932010 0.000000 0.000000
1640.391236 0.000000 0.000000
1646.732412 0.000000 0.000000
1647.006213 0.000000 0.000000
1649.140106 0.000000 0.000000
1649.522912 0.000000 0.000000
1650.327283 0.000000 0.000000
1653.706578 0.000000 0.000000
1655.193311 0.000000 0.000000
1657.621417 0.000000 0.000000
1666.705213 0.000000 0.000000
1670.242255 0.000000 0.000000
1673.529987 0.000000 0.000000
1684.737171 0.000000 0.000000
1690.973678 0.000000 0.000000
1701.319074 0.000000 0.000000
1707.650132 0.000000 0.000000
1711.584143 0.000000 0.000000
1712.402231 0.000000 0.000000
1721.817738 0.000000 0.000000
1725.814619 0.000000 0.000000
1730.373852 0.000000 0.000000
1731.017085 0.000000 0.000000
1731.945619 0.000000 0.000000
1742.598624 0.000000 0.000000
1744.714349 0.000000 0.000000
1747.063231 0.000000 0.000000
1749.947780 0.000000 0.000000
1751.190634 0.000000 0.000000
1754.508391 0.000000 0.000000
1760.242538 0.000000 0.000000
1760.700145 0.000000 0.000000
1763.786833 0.000000 0.000000
1770.509610 0.000000 0.000000
1777.325251 0.000000 0.000000
1785.178700 0.000000 0.000000
1790.642631 0.000000 0.000000
1803.252301 0.000000 0.000000
1803.835854 0.000000 0.000000
1808.715173 0.000000 0.000000
1813.246003 0.000000 0.000000
1824.526383 0.000000 0.000000
1828.653927 0.000000 0.000000
1830.612469 0.000000 0.000000
1832.993040 0.000000 0.000000
1837.608819 0.000000 0.000000
1843.488005 0.000000 0.000000
1847.762765 0.000000 0.000000
1851.331071 0.000000 0.000000
1852.276357 0.000000 0.000000
1861.166091 0.000000 0.000000
1862.395955 0.000000 0.000000
1864.469936 0.000000 0.000000
1872.652450 0.000000 0.000000
1879.781189 0.000000 0.000000
1880.770503 0.000000 0.000000
1888.112323 0.000000 0.000000
1888.137516 0.000000 0.000000
1898.114054 0.000000 0.000000
1899.516368 0.000000 0.000000
1903.251118 0.000000 0.000000
1910.783525 0.000000 0.000000
1916.348276 0.000000 0.000000
1922.351561 0.000000 0.000000
1926.791473 0.000000 0.000000
1934.178799 0.000000 0.000000
1943.218137 0.000000 0.000000
1944.592998 0.000000 0.000000
1946.284769 0.000000 0.000000
1952.911554 0.000000 0.000000
1954.544240 0.000000 0.000000
1955.691768 0.000000 0.000000
1968.967289 0.000000 0.000000
1976.831789 0.000000 0.000000
1977.737182 0.000000 0.000000
1986.926530 0.000000 0.000000
1989.661273 0.000000 0.000000
1992.305906 0.000000 0.000000
1994.318402 0.000000 0.000000
1995.379115 0.000000 0.000000
2010.597079 0.000000 0.000000
2013.498770 0.000000 0.000000
2015.793497 0.000000 0.000000
2021.489308 0.000000 0.000000
2033.556053 0.000000 0.000000
2039.871263 0.000000 0.000000
2043.112465 0.000000 0.000000
2046.002850 0.000000 0.000000
2053.563491 0.000000 0.000000
2059.445381 0.000000 0.000000
2065.680074 0.000000 0.000000
2070.782067 0.000000 0.000000
2083.124929 0.000000 0.000000
2086.847433 0.000000 0.000000
2092.923875 0.000000 0.000000
2094.860788 0.000000 0.000000
2099.478266 0.000000 0.000000
2102.433566 0.000000 0.000000
2109.636784 0.000000 0.000000
2109.981284 0.000000 0.000000
2118.795271 0.000000 0.000000
2129.698011 0.000000 0.000000
2136.193923 0.000000 0.000000
2139.875034 0.000000 0.000000
2152.910298 0.000000 0.000000
2154.446449 0.000000 0.000000
2161.356528 0.000000 0.000000
2166.007916 0.000000 0.000000
2180.953399 0.000000 0.000000
2186.267792 0.000000 0.000000
2190.937739 0.000000 0.000000
2197.688642 0.000000 0.000000
2203.440421 0.000000 0.000000
2211.206670 0.000000 0.000000
2213.126357 0.000000 0.000000
2220.755019 0.000000 0.000000
2226.926363 0.000000 0.000000
2230.214878 0.000000 0.000000
2240.551853 0.000000 0.000000
2248.487873 0.000000 0.000000
2258.235074 0.000000 0.000000
2265.638225 0.000000 0.000000
2277.761653 0.000000 0.000000
2286.653558 0.000000 0.000000
2295.717874 0.000000 0.000000
2296.074671 0.000000 0.000000
2296.087214 0.000000 0.000000
2308.732927 0.000000 0.000000
2311.958826 0.000000 0.000000
2326.613119 0.000000 0.000000
2334.221381 0.000000 0.000000
2346.654529 0.000000 0.000000
2352.207977 0.000000 0.000000
2366.689488 0.000000 0.000000
2369.382010 0.000000 0.000000
2384.459938 0.000000 0.000000
2388.320204 0.000000 0.000000
2397.135291 0.000000 0.000000
2406.161193 0.000000 0.000000
2413.239289 0.000000 0.000000
2419.574287 0.000000 0.000000
2427.048387 0.000000 0.000000
2435.846856 0.000000 0.000000
2437.729692 0.000000 0.000000
2474.148276 0.000000 0.000000
2485.573439 0.000000 0.000000
2487.840965 0.000000 0.000000
2494.266126 0.000000 0.000000
2495.570896 0.000000 0.000000
2508.953053 0.000000 0.000000
2521.073227 0.000000 0.000000
2531.867913 0.000000 0.000000
2546.858469 0.000000 0.000000
2554.547463 0.000000 0.000000
2573.473677 0.000000 0.000000
2596.107843 0.000000 0.000000
2598.938961 0.000000 0.000000
2607.401821 0.000000 0.000000
2621.180881 0.000000 0.000000
2625.204924 0.000000 0.000000
2641.491842 0.000000 0.000000
2642.597373 0.000000 0.000000
2680.552395 0.000000 0.000000
2685.317511 0.000000 0.000000
2709.616304 0.000000 0.000000
2715.112775 0.000000 0.000000
2738.542174 0.000000 0.000000
2749.377839 0.000000 0.000000
2775.345592 0.000000 0.000000
2798.276095 0.000000 0.000000
2801.885793 0.000000 0.000000
2806.424530 0.000000 0.000000
2833.618036 0.000000 0.000000
2836.956420 0.000000 0.000000
2883.508368 0.000000 0.000000
2915.088942 0.000000 0.000000
2919.624506 0.000000 0.000000
2960.475202 0.000000 0.000000
2991.009799 0.000000 0.000000
3002.225781 0.000000 0.000000
3030.758855 0.000000 0.000000
3042.655387 0.000000 0.000000
3111.474667 0.000000 0.000000
3138.621210 0.000000 0.000000
3210.518271 0.000000 0.000000
3258.935353 0.000000 0.000000
3329.990494 0.000000 0.000000
