Number of states: 450
Sparse Hamiltonian computation time: 0 seconds 0 milliseconds
Time to set up matrix: 0 seconds 0 milliseconds
Diagonalization time: 2 seconds 0 milliseconds
Vab = 100.000000
w = 100.000000
b = 0.800000
E    Isym    Iasym
-43.507576 0.000000 0.692270
24.363934 0.090718 0.000000
56.492424 0.000000 0.221527
103.114483 0.000000 0.017146
124.363934 0.029030 0.000000
156.492424 0.000000 0.035444
174.752817 0.299763 0.000000
199.699047 0.333878 0.000000
203.114483 0.000000 0.005487
224.363934 0.004645 0.000000
256.492424 0.000000 0.003781
262.869981 0.000000 0.003892
274.752817 0.095924 0.000000
299.699047 0.106841 0.000000
303.114483 0.000000 0.000878
317.730878 0.000000 0.012773
324.363935 0.000495 0.000000
349.471892 0.000654 0.000000
356.492424 0.000000 0.000302
362.869985 0.000000 0.001245
374.752823 0.015348 0.000000
399.699056 0.017095 0.000000
403.114501 0.000000 0.000094
417.730882 0.000000 0.004087
424.363947 0.000040 0.000000
434.501844 0.001129 0.000000
437.147252 0.000000 0.000038
449.471970 0.000209 0.000000
456.492430 0.000000 0.000019
462.870170 0.000000 0.000199
474.752985 0.001637 0.000000
499.699279 0.001823 0.000000
503.114828 0.000000 0.000007
517.731003 0.000000 0.000654
524.364129 0.000003 0.000000
526.148151 0.000006 0.000000
534.501929 0.000361 0.000000
537.148168 0.000000 0.000012
548.333222 0.000000 0.000029
549.474464 0.000033 0.000000
556.492494 0.000000 0.000001
562.874036 0.000000 0.000021
574.755535 0.000131 0.000000
599.702524 0.000146 0.000000
603.118783 0.000000 0.000000
616.786321 0.000000 0.000000
617.733181 0.000000 0.000070
624.365953 0.000000 0.000000
626.155924 0.000002 0.000000
634.504080 0.000058 0.000000
637.170946 0.000000 0.000002
648.334940 0.000000 0.000009
649.514778 0.000004 0.000000
656.493030 0.000000 0.000000
658.740348 0.000001 0.000000
662.920319 0.000000 0.000002
674.780160 0.000008 0.000000
699.731114 0.000009 0.000000
703.149562 0.000000 0.000000
709.891033 0.000000 0.000000
716.832203 0.000000 0.000000
717.755025 0.000000 0.000006
724.377997 0.000000 0.000000
726.297672 0.000000 0.000000
734.529590 0.000006 0.000000
737.437569 0.000000 0.000000
748.364399 0.000000 0.000001
749.862985 0.000000 0.000000
756.496120 0.000000 0.000000
758.765545 0.000000 0.000000
763.240817 0.000000 0.000000
764.328705 0.000000 0.000000
774.926987 0.000000 0.000000
799.880307 0.000000 0.000000
803.301948 0.000000 0.000000
807.137204 0.000000 0.000000
810.075602 0.000000 0.000000
817.331035 0.000000 0.000000
817.935353 0.000000 0.000000
824.430295 0.000000 0.000000
827.381412 0.000000 0.000000
834.687590 0.000000 0.000000
838.949452 0.000000 0.000000
848.604653 0.000000 0.000000
851.499677 0.000000 0.000000
856.508158 0.000000 0.000000
859.069324 0.000000 0.000000
864.152197 0.000000 0.000000
864.354333 0.000000 0.000000
864.794619 0.000000 0.000000
875.495821 0.000000 0.000000
900.365696 0.000000 0.000000
903.811308 0.000000 0.000000
907.548624 0.000000 0.000000
909.645352 0.000000 0.000000
911.518463 0.000000 0.000000
917.965024 0.000000 0.000000
920.320596 0.000000 0.000000
924.611163 0.000000 0.000000
930.820856 0.000000 0.000000
935.471297 0.000000 0.000000
942.986620 0.000000 0.000000
949.974878 0.000000 0.000000
955.725473 0.000000 0.000000
956.541993 0.000000 0.000000
959.940493 0.000000 0.000000
960.899650 0.000000 0.000000
965.563552 0.000000 0.000000
966.043453 0.000000 0.000000
969.034336 0.000000 0.000000
977.198005 0.000000 0.000000
1001.588129 0.000000 0.000000
1005.127466 0.000000 0.000000
1009.481493 0.000000 0.000000
1009.929154 0.000000 0.000000
1015.955393 0.000000 0.000000
1016.256072 0.000000 0.000000
1018.548178 0.000000 0.000000
1025.112121 0.000000 0.000000
1026.712497 0.000000 0.000000
1033.751246 0.000000 0.000000
1040.143285 0.000000 0.000000
1046.285095 0.000000 0.000000
1054.117389 0.000000 0.000000
1055.732876 0.000000 0.000000
1056.656200 0.000000 0.000000
1059.219436 0.000000 0.000000
1061.639247 0.000000 0.000000
1067.317612 0.000000 0.000000
1072.367439 0.000000 0.000000
1074.706672 0.000000 0.000000
1081.268845 0.000000 0.000000
1082.891472 0.000000 0.000000
1104.604636 0.000000 0.000000
1108.085714 0.000000 0.000000
1111.337549 0.000000 0.000000
1112.767620 0.000000 0.000000
1118.046637 0.000000 0.000000
1119.677792 0.000000 0.000000
1123.347824 0.000000 0.000000
1125.322545 0.000000 0.000000
1126.307401 0.000000 0.000000
1134.693973 0.000000 0.000000
1137.127917 0.000000 0.000000
1147.324431 0.000000 0.000000
1148.021732 0.000000 0.000000
1148.835381 0.000000 0.000000
1156.795240 0.000000 0.000000
1157.894850 0.000000 0.000000
1162.087576 0.000000 0.000000
1162.452104 0.000000 0.000000
1169.796245 0.000000 0.000000
1177.628284 0.000000 0.000000
1186.643258 0.000000 0.000000
1187.464520 0.000000 0.000000
1200.831918 0.000000 0.000000
1204.818473 0.000000 0.000000
1213.860150 0.000000 0.000000
1214.274278 0.000000 0.000000
1215.618287 0.000000 0.000000
1216.067969 0.000000 0.000000
1224.469397 0.000000 0.000000
1225.025072 0.000000 0.000000
1225.547285 0.000000 0.000000
1229.601496 0.000000 0.000000
1231.773351 0.000000 0.000000
1233.644207 0.000000 0.000000
1239.686120 0.000000 0.000000
1242.277617 0.000000 0.000000
1248.167779 0.000000 0.000000
1253.032604 0.000000 0.000000
1254.820117 0.000000 0.000000
1257.357016 0.000000 0.000000
1258.776427 0.000000 0.000000
1264.670681 0.000000 0.000000
1269.299620 0.000000 0.000000
1273.664610 0.000000 0.000000
1287.980040 0.000000 0.000000
1288.121379 0.000000 0.000000
1303.611163 0.000000 0.000000
1306.511793 0.000000 0.000000
1316.291327 0.000000 0.000000
1316.605489 0.000000 0.000000
1317.599747 0.000000 0.000000
1320.163437 0.000000 0.000000
1325.083628 0.000000 0.000000
1328.231089 0.000000 0.000000
1331.918806 0.000000 0.000000
1332.491498 0.000000 0.000000
1334.972556 0.000000 0.000000
1337.809709 0.000000 0.000000
1339.067981 0.000000 0.000000
1340.388822 0.000000 0.000000
1345.246756 0.000000 0.000000
1349.465571 0.000000 0.000000
1352.881062 0.000000 0.000000
1355.543679 0.000000 0.000000
1356.296786 0.000000 0.000000
1358.522925 0.000000 0.000000
1367.089130 0.000000 0.000000
1370.811102 0.000000 0.000000
1380.932624 0.000000 0.000000
1387.318606 0.000000 0.000000
1389.620382 0.000000 0.000000
1390.485808 0.000000 0.000000
1405.011337 0.000000 0.000000
1411.363308 0.000000 0.000000
1415.100741 0.000000 0.000000
1418.266580 0.000000 0.000000
1423.690936 0.000000 0.000000
1424.748739 0.000000 0.000000
1426.329485 0.000000 0.000000
1432.232806 0.000000 0.000000
1432.624165 0.000000 0.000000
1432.707116 0.000000 0.000000
1434.207386 0.000000 0.000000
1439.959122 0.000000 0.000000
1444.591724 0.000000 0.000000
1447.002870 0.000000 0.000000
1447.471016 0.000000 0.000000
1451.933771 0.000000 0.000000
1453.536793 0.000000 0.000000
1454.353677 0.000000 0.000000
1459.294926 0.000000 0.000000
1460.367555 0.000000 0.000000
1463.329205 0.000000 0.000000
1471.452621 0.000000 0.000000
1478.643372 0.000000 0.000000
1485.521835 0.000000 0.000000
1500.054135 0.000000 0.000000
1502.277423 0.000000 0.000000
1503.443172 0.000000 0.000000
1511.333444 0.000000 0.000000
1519.486943 0.000000 0.000000
1520.119375 0.000000 0.000000
1522.754456 0.000000 0.000000
1529.406398 0.000000 0.000000
1531.181311 0.000000 0.000000
1531.501461 0.000000 0.000000
1533.335507 0.000000 0.000000
1536.903894 0.000000 0.000000
1538.560687 0.000000 0.000000
1544.701342 0.000000 0.000000
1547.686556 0.000000 0.000000
1547.704082 0.000000 0.000000
1550.102567 0.000000 0.000000
1553.362846 0.000000 0.000000
1556.961556 0.000000 0.000000
1560.208257 0.000000 0.000000
1563.849425 0.000000 0.000000
1565.350423 0.000000 0.000000
1577.717398 0.000000 0.000000
1583.746620 0.000000 0.000000
1596.123937 0.000000 0.000000
1601.061004 0.000000 0.000000
1604.866479 0.000000 0.000000
1605.561106 0.000000 0.000000
1616.783524 0.000000 0.000000
1622.052882 0.000000 0.000000
1625.450617 0.000000 0.000000
1626.529982 0.000000 0.000000
1628.050258 0.000000 0.000000
1630.026514 0.000000 0.000000
1635.440407 0.000000 0.000000
1637.788633 0.000000 0.000000
1639.321209 0.000000 0.000000
1642.451373 0.000000 0.000000
1643.722390 0.000000 0.000000
1650.191184 0.000000 0.000000
1650.657122 0.000000 0.000000
1651.904699 0.000000 0.000000
1655.787861 0.000000 0.000000
1656.213045 0.000000 0.000000
1666.875779 0.000000 0.000000
1668.701874 0.000000 0.000000
1671.596138 0.000000 0.000000
1684.206679 0.000000 0.000000
1694.310080 0.000000 0.000000
1698.965944 0.000000 0.000000
1701.128790 0.000000 0.000000
1705.008388 0.000000 0.000000
1716.892826 0.000000 0.000000
1718.508096 0.000000 0.000000
1726.702303 0.000000 0.000000
1728.259249 0.000000 0.000000
1730.896099 0.000000 0.000000
1735.844796 0.000000 0.000000
1736.981702 0.000000 0.000000
1742.472121 0.000000 0.000000
1742.693106 0.000000 0.000000
1749.139072 0.000000 0.000000
1750.528936 0.000000 0.000000
1754.452941 0.000000 0.000000
1756.368327 0.000000 0.000000
1759.764204 0.000000 0.000000
1762.081193 0.000000 0.000000
1766.976173 0.000000 0.000000
1777.261020 0.000000 0.000000
1782.619497 0.000000 0.000000
1793.946452 0.000000 0.000000
1794.228663 0.000000 0.000000
1801.278889 0.000000 0.000000
1805.718526 0.000000 0.000000
1816.814391 0.000000 0.000000
1817.104395 0.000000 0.000000
1826.544092 0.000000 0.000000
1830.983718 0.000000 0.000000
1836.817027 0.000000 0.000000
1839.030589 0.000000 0.000000
1840.277417 0.000000 0.000000
1844.326485 0.000000 0.000000
1850.263643 0.000000 0.000000
1851.688315 0.000000 0.000000
1857.060640 0.000000 0.000000
1861.670358 0.000000 0.000000
1867.076680 0.000000 0.000000
1869.230386 0.000000 0.000000
1872.848685 0.000000 0.000000
1876.287647 0.000000 0.000000
1876.796245 0.000000 0.000000
1882.602193 0.000000 0.000000
1894.003036 0.000000 0.000000
1895.404152 0.000000 0.000000
1901.883885 0.000000 0.000000
1903.140656 0.000000 0.000000
1918.676094 0.000000 0.000000
1919.446185 0.000000 0.000000
1926.718454 0.000000 0.000000
1934.724594 0.000000 0.000000
1937.246126 0.000000 0.000000
1943.381156 0.000000 0.000000
1946.263041 0.000000 0.000000
1950.637662 0.000000 0.000000
1956.522086 0.000000 0.000000
1960.475306 0.000000 0.000000
1962.259673 0.000000 0.000000
1974.475216 0.000000 0.000000
1976.727099 0.000000 0.000000
1977.284473 0.000000 0.000000
1980.861993 0.000000 0.000000
1982.912879 0.000000 0.000000
1991.964564 0.000000 0.000000
1997.859068 0.000000 0.000000
1998.846661 0.000000 0.000000
2003.494551 0.000000 0.000000
2018.640657 0.000000 0.000000
2028.289346 0.000000 0.000000
2030.741807 0.000000 0.000000
2032.904872 0.000000 0.000000
2040.675557 0.000000 0.000000
2048.677588 0.000000 0.000000
2054.070582 0.000000 0.000000
2057.172255 0.000000 0.000000
2064.456166 0.000000 0.000000
2067.030977 0.000000 0.000000
2078.362137 0.000000 0.000000
2079.048854 0.000000 0.000000
2085.553829 0.000000 0.000000
2089.445294 0.000000 0.000000
2096.392671 0.000000 0.000000
2097.487533 0.000000 0.000000
2102.084252 0.000000 0.000000
2109.516841 0.000000 0.000000
2110.367517 0.000000 0.000000
2130.109341 0.000000 0.000000
2135.931632 0.000000 0.000000
2144.994557 0.000000 0.000000
2147.225194 0.000000 0.000000
2151.115804 0.000000 0.000000
2164.599955 0.000000 0.000000
2167.678641 0.000000 0.000000
2176.240074 0.000000 0.000000
2177.022532 0.000000 0.000000
2180.584638 0.000000 0.000000
2185.413731 0.000000 0.000000
2201.102509 0.000000 0.000000
2204.229996 0.000000 0.000000
2211.974560 0.000000 0.000000
2212.581597 0.000000 0.000000
2219.101063 0.000000 0.000000
2231.971163 0.000000 0.000000
2241.368816 0.000000 0.000000
2247.567807 0.000000 0.000000
2260.202390 0.000000 0.000000
2265.852268 0.000000 0.000000
2276.506999 0.000000 0.000000
2280.613282 0.000000 0.000000
2285.047260 0.000000 0.000000
2287.123869 0.000000 0.000000
2295.164874 0.000000 0.000000
2298.007512 0.000000 0.000000
2308.890767 0.000000 0.000000
2316.244298 0.000000 0.000000
2333.609366 0.000000 0.000000
2336.572236 0.000000 0.000000
2357.369907 0.000000 0.000000
2360.068853 0.000000 0.000000
2374.765920 0.000000 0.000000
2376.758915 0.000000 0.000000
2385.906783 0.000000 0.000000
