Number of states: 450
Sparse Hamiltonian computation time: 0 seconds 0 milliseconds
Time to set up matrix: 0 seconds 0 milliseconds
Diagonalization time: 2 seconds 0 milliseconds
Vab = 150.000000
w = 100.000000
b = 0.800000
E    Isym    Iasym
-90.529468 0.000000 0.707187
-12.523730 0.039273 0.000000
9.470532 0.000000 0.226300
69.669510 0.000000 0.007544
87.476270 0.012567 0.000000
109.470532 0.000000 0.036208
153.554281 0.008967 0.000000
169.669510 0.000000 0.002414
187.476270 0.002011 0.000000
209.470532 0.000000 0.003862
231.780454 0.676443 0.000000
239.047904 0.000000 0.000426
253.554281 0.002870 0.000000
269.669510 0.000000 0.000386
287.476270 0.000214 0.000000
309.470532 0.000000 0.000309
325.818820 0.000381 0.000000
331.780454 0.216462 0.000000
339.047908 0.000000 0.000136
349.574105 0.000000 0.010935
353.554290 0.000459 0.000000
369.669521 0.000000 0.000041
387.476277 0.000017 0.000000
409.470534 0.000000 0.000020
413.740407 0.000000 0.000036
425.818887 0.000122 0.000000
431.780455 0.034634 0.000000
439.048076 0.000000 0.000022
449.574107 0.000000 0.003499
453.554531 0.000049 0.000000
464.594465 0.001065 0.000000
469.669731 0.000000 0.000003
487.476383 0.000001 0.000000
503.043075 0.000019 0.000000
509.470560 0.000000 0.000001
513.741197 0.000000 0.000012
525.821092 0.000019 0.000000
531.780473 0.003694 0.000000
539.051711 0.000000 0.000002
549.574172 0.000000 0.000560
553.558400 0.000004 0.000000
564.594610 0.000341 0.000000
569.672434 0.000000 0.000000
575.268196 0.000000 0.000017
587.477526 0.000000 0.000000
595.785053 0.000000 0.000004
603.049811 0.000006 0.000000
609.470803 0.000000 0.000000
613.761552 0.000000 0.000002
625.858059 0.000002 0.000000
631.780704 0.000296 0.000000
639.096853 0.000000 0.000000
649.575178 0.000000 0.000060
653.596818 0.000000 0.000000
664.597785 0.000055 0.000000
669.695024 0.000000 0.000000
674.502093 0.000000 0.000000
675.276997 0.000000 0.000006
687.485878 0.000000 0.000000
695.819435 0.000000 0.000001
699.331762 0.000001 0.000000
703.177553 0.000001 0.000000
709.472363 0.000000 0.000000
714.009656 0.000000 0.000000
726.189954 0.000000 0.000000
731.782504 0.000019 0.000000
739.421865 0.000000 0.000000
749.583548 0.000000 0.000005
753.831971 0.000000 0.000000
764.628950 0.000006 0.000000
766.682713 0.000000 0.000000
769.817445 0.000000 0.000000
774.641980 0.000000 0.000000
775.401422 0.000000 0.000001
787.527345 0.000000 0.000000
796.255416 0.000000 0.000000
799.377780 0.000000 0.000000
804.219460 0.000000 0.000000
809.471534 0.000000 0.000000
809.479394 0.000000 0.000000
815.496084 0.000000 0.000000
827.811799 0.000000 0.000000
831.793639 0.000001 0.000000
840.815112 0.000000 0.000000
849.624887 0.000000 0.000000
854.757710 0.000000 0.000000
857.922841 0.000000 0.000000
864.765024 0.000000 0.000000
867.214710 0.000000 0.000000
870.273022 0.000000 0.000000
875.911056 0.000000 0.000000
876.100804 0.000000 0.000000
887.676671 0.000000 0.000000
898.429502 0.000000 0.000000
899.667091 0.000000 0.000000
908.190754 0.000000 0.000000
909.503300 0.000000 0.000000
909.561364 0.000000 0.000000
920.229208 0.000000 0.000000
920.238685 0.000000 0.000000
931.647107 0.000000 0.000000
932.824417 0.000000 0.000000
944.856231 0.000000 0.000000
949.315308 0.000000 0.000000
949.844953 0.000000 0.000000
957.493996 0.000000 0.000000
959.288605 0.000000 0.000000
965.117151 0.000000 0.000000
970.087796 0.000000 0.000000
971.673042 0.000000 0.000000
978.175766 0.000000 0.000000
980.549603 0.000000 0.000000
988.118775 0.000000 0.000000
1000.694315 0.000000 0.000000
1003.613916 0.000000 0.000000
1009.578209 0.000000 0.000000
1010.360126 0.000000 0.000000
1016.571307 0.000000 0.000000
1020.471593 0.000000 0.000000
1029.765909 0.000000 0.000000
1030.630393 0.000000 0.000000
1031.768937 0.000000 0.000000
1041.149861 0.000000 0.000000
1042.743896 0.000000 0.000000
1049.135050 0.000000 0.000000
1052.066553 0.000000 0.000000
1055.546044 0.000000 0.000000
1063.166269 0.000000 0.000000
1064.872445 0.000000 0.000000
1067.845629 0.000000 0.000000
1074.819259 0.000000 0.000000
1076.451533 0.000000 0.000000
1084.235101 0.000000 0.000000
1089.322368 0.000000 0.000000
1089.388797 0.000000 0.000000
1103.885655 0.000000 0.000000
1108.370001 0.000000 0.000000
1109.770177 0.000000 0.000000
1116.668553 0.000000 0.000000
1120.670051 0.000000 0.000000
1130.093340 0.000000 0.000000
1130.745246 0.000000 0.000000
1131.918737 0.000000 0.000000
1133.677222 0.000000 0.000000
1140.420620 0.000000 0.000000
1144.339668 0.000000 0.000000
1146.056171 0.000000 0.000000
1149.429504 0.000000 0.000000
1157.118094 0.000000 0.000000
1161.010991 0.000000 0.000000
1165.009530 0.000000 0.000000
1169.550348 0.000000 0.000000
1176.450530 0.000000 0.000000
1179.553558 0.000000 0.000000
1184.827031 0.000000 0.000000
1191.870055 0.000000 0.000000
1194.012947 0.000000 0.000000
1198.839981 0.000000 0.000000
1199.233026 0.000000 0.000000
1209.945424 0.000000 0.000000
1210.270090 0.000000 0.000000
1214.451344 0.000000 0.000000
1221.975691 0.000000 0.000000
1226.756468 0.000000 0.000000
1230.535571 0.000000 0.000000
1231.788438 0.000000 0.000000
1233.037228 0.000000 0.000000
1240.496619 0.000000 0.000000
1241.269168 0.000000 0.000000
1248.723250 0.000000 0.000000
1249.489208 0.000000 0.000000
1249.873656 0.000000 0.000000
1259.092354 0.000000 0.000000
1264.339620 0.000000 0.000000
1265.290642 0.000000 0.000000
1274.883642 0.000000 0.000000
1277.946390 0.000000 0.000000
1281.291356 0.000000 0.000000
1290.288795 0.000000 0.000000
1291.570684 0.000000 0.000000
1298.032732 0.000000 0.000000
1304.686470 0.000000 0.000000
1309.692738 0.000000 0.000000
1311.547476 0.000000 0.000000
1319.452399 0.000000 0.000000
1320.402969 0.000000 0.000000
1320.965768 0.000000 0.000000
1330.901405 0.000000 0.000000
1331.724709 0.000000 0.000000
1336.447620 0.000000 0.000000
1336.454345 0.000000 0.000000
1336.841845 0.000000 0.000000
1338.103338 0.000000 0.000000
1341.620250 0.000000 0.000000
1348.521848 0.000000 0.000000
1349.712371 0.000000 0.000000
1355.603258 0.000000 0.000000
1358.383413 0.000000 0.000000
1360.477225 0.000000 0.000000
1364.923512 0.000000 0.000000
1372.946239 0.000000 0.000000
1379.203419 0.000000 0.000000
1380.947689 0.000000 0.000000
1390.336734 0.000000 0.000000
1397.332489 0.000000 0.000000
1398.658756 0.000000 0.000000
1402.645049 0.000000 0.000000
1410.194005 0.000000 0.000000
1412.591968 0.000000 0.000000
1416.477767 0.000000 0.000000
1420.056056 0.000000 0.000000
1426.082130 0.000000 0.000000
1430.408052 0.000000 0.000000
1431.828666 0.000000 0.000000
1436.435328 0.000000 0.000000
1436.482030 0.000000 0.000000
1436.734079 0.000000 0.000000
1440.355746 0.000000 0.000000
1444.567260 0.000000 0.000000
1449.849887 0.000000 0.000000
1450.962683 0.000000 0.000000
1454.126997 0.000000 0.000000
1462.676290 0.000000 0.000000
1464.650330 0.000000 0.000000
1466.223512 0.000000 0.000000
1470.092350 0.000000 0.000000
1477.724713 0.000000 0.000000
1482.758774 0.000000 0.000000
1489.260849 0.000000 0.000000
1489.773422 0.000000 0.000000
1499.772967 0.000000 0.000000
1507.501713 0.000000 0.000000
1512.212011 0.000000 0.000000
1512.557191 0.000000 0.000000
1513.944484 0.000000 0.000000
1519.421497 0.000000 0.000000
1530.175559 0.000000 0.000000
1531.756278 0.000000 0.000000
1534.254422 0.000000 0.000000
1536.270651 0.000000 0.000000
1536.349783 0.000000 0.000000
1536.531974 0.000000 0.000000
1541.907085 0.000000 0.000000
1549.455041 0.000000 0.000000
1550.203126 0.000000 0.000000
1552.653478 0.000000 0.000000
1559.397147 0.000000 0.000000
1561.918135 0.000000 0.000000
1565.576506 0.000000 0.000000
1572.306326 0.000000 0.000000
1574.084024 0.000000 0.000000
1577.465392 0.000000 0.000000
1584.972281 0.000000 0.000000
1589.363233 0.000000 0.000000
1598.296182 0.000000 0.000000
1603.712439 0.000000 0.000000
1611.978952 0.000000 0.000000
1613.975537 0.000000 0.000000
1615.628653 0.000000 0.000000
1622.086316 0.000000 0.000000
1630.562445 0.000000 0.000000
1631.853583 0.000000 0.000000
1636.044086 0.000000 0.000000
1636.599154 0.000000 0.000000
1639.185575 0.000000 0.000000
1644.660660 0.000000 0.000000
1644.901985 0.000000 0.000000
1650.414671 0.000000 0.000000
1654.124379 0.000000 0.000000
1660.370948 0.000000 0.000000
1664.477987 0.000000 0.000000
1666.464772 0.000000 0.000000
1666.693618 0.000000 0.000000
1671.724512 0.000000 0.000000
1674.777858 0.000000 0.000000
1682.099902 0.000000 0.000000
1682.865846 0.000000 0.000000
1689.660144 0.000000 0.000000
1694.916939 0.000000 0.000000
1707.243209 0.000000 0.000000
1710.345030 0.000000 0.000000
1711.388000 0.000000 0.000000
1717.453247 0.000000 0.000000
1728.258328 0.000000 0.000000
1731.387060 0.000000 0.000000
1733.401205 0.000000 0.000000
1735.481583 0.000000 0.000000
1736.709698 0.000000 0.000000
1741.868451 0.000000 0.000000
1749.342201 0.000000 0.000000
1750.218517 0.000000 0.000000
1755.393665 0.000000 0.000000
1760.912191 0.000000 0.000000
1765.291140 0.000000 0.000000
1771.579910 0.000000 0.000000
1771.676168 0.000000 0.000000
1781.070078 0.000000 0.000000
1781.644472 0.000000 0.000000
1787.870777 0.000000 0.000000
1794.433527 0.000000 0.000000
1796.103080 0.000000 0.000000
1802.444163 0.000000 0.000000
1809.191666 0.000000 0.000000
1818.056134 0.000000 0.000000
1823.085476 0.000000 0.000000
1826.402042 0.000000 0.000000
1832.639474 0.000000 0.000000
1834.467281 0.000000 0.000000
1836.839052 0.000000 0.000000
1839.698851 0.000000 0.000000
1847.088791 0.000000 0.000000
1855.208891 0.000000 0.000000
1856.650428 0.000000 0.000000
1858.975949 0.000000 0.000000
1872.163036 0.000000 0.000000
1873.458773 0.000000 0.000000
1875.613792 0.000000 0.000000
1888.896726 0.000000 0.000000
1889.388523 0.000000 0.000000
1895.378879 0.000000 0.000000
1901.253498 0.000000 0.000000
1901.289751 0.000000 0.000000
1902.036963 0.000000 0.000000
1908.229699 0.000000 0.000000
1908.978602 0.000000 0.000000
1913.832769 0.000000 0.000000
1931.161686 0.000000 0.000000
1932.989299 0.000000 0.000000
1935.151761 0.000000 0.000000
1937.035748 0.000000 0.000000
1938.752995 0.000000 0.000000
1940.223807 0.000000 0.000000
1952.904562 0.000000 0.000000
1961.815556 0.000000 0.000000
1965.001565 0.000000 0.000000
1973.725185 0.000000 0.000000
1976.077703 0.000000 0.000000
1986.126651 0.000000 0.000000
1995.205289 0.000000 0.000000
1996.206715 0.000000 0.000000
2000.702429 0.000000 0.000000
2003.871070 0.000000 0.000000
2004.931066 0.000000 0.000000
2007.688391 0.000000 0.000000
2017.215710 0.000000 0.000000
2023.608776 0.000000 0.000000
2029.200557 0.000000 0.000000
2030.717993 0.000000 0.000000
2034.524295 0.000000 0.000000
2037.341038 0.000000 0.000000
2051.696401 0.000000 0.000000
2055.602027 0.000000 0.000000
2062.661313 0.000000 0.000000
2068.801989 0.000000 0.000000
2076.177688 0.000000 0.000000
2088.893220 0.000000 0.000000
2094.689806 0.000000 0.000000
2097.588516 0.000000 0.000000
2105.095276 0.000000 0.000000
2105.778047 0.000000 0.000000
2109.775803 0.000000 0.000000
2111.303342 0.000000 0.000000
2116.820732 0.000000 0.000000
2129.077049 0.000000 0.000000
2129.959836 0.000000 0.000000
2138.265607 0.000000 0.000000
2139.184477 0.000000 0.000000
2144.253276 0.000000 0.000000
2150.106570 0.000000 0.000000
2171.618277 0.000000 0.000000
2175.104488 0.000000 0.000000
2184.101419 0.000000 0.000000
2199.439707 0.000000 0.000000
2200.624744 0.000000 0.000000
2207.404060 0.000000 0.000000
2211.249793 0.000000 0.000000
2212.044514 0.000000 0.000000
2222.745853 0.000000 0.000000
2224.648923 0.000000 0.000000
2225.503468 0.000000 0.000000
2234.648833 0.000000 0.000000
2242.222294 0.000000 0.000000
2247.862873 0.000000 0.000000
2259.724767 0.000000 0.000000
2260.999267 0.000000 0.000000
2287.666543 0.000000 0.000000
2290.268302 0.000000 0.000000
2298.384582 0.000000 0.000000
2308.597748 0.000000 0.000000
2309.958426 0.000000 0.000000
2320.497030 0.000000 0.000000
2320.933248 0.000000 0.000000
2334.059090 0.000000 0.000000
2338.295763 0.000000 0.000000
2346.633902 0.000000 0.000000
2354.201742 0.000000 0.000000
2359.509478 0.000000 0.000000
2379.261393 0.000000 0.000000
2380.278151 0.000000 0.000000
2401.944696 0.000000 0.000000
