Number of states: 450
Sparse Hamiltonian computation time: 0 seconds 0 milliseconds
Time to set up matrix: 0 seconds 0 milliseconds
Diagonalization time: 2 seconds 0 milliseconds
Vab = 250.000000
w = 100.000000
b = 0.800000
E    Isym    Iasym
-187.589932 0.000000 0.717915
-100.840491 0.012705 0.000000
-87.589932 0.000000 0.229733
-13.055823 0.000000 0.002397
-0.840491 0.004066 0.000000
12.410068 0.000000 0.036757
75.509411 0.000327 0.000000
86.944177 0.000000 0.000767
99.159509 0.000651 0.000000
112.410068 0.000000 0.003921
164.703038 0.000000 0.000026
175.509411 0.000105 0.000000
186.944177 0.000000 0.000123
199.159509 0.000069 0.000000
212.410068 0.000000 0.000314
254.417738 0.000062 0.000000
264.703040 0.000000 0.000008
275.509415 0.000017 0.000000
286.944180 0.000000 0.000013
299.159511 0.000006 0.000000
312.410069 0.000000 0.000020
325.363603 0.712361 0.000000
344.577196 0.000000 0.000002
354.417772 0.000020 0.000000
364.703119 0.000000 0.000001
375.509521 0.000002 0.000000
386.944264 0.000000 0.000001
399.159548 0.000000 0.000000
412.410076 0.000000 0.000001
425.363603 0.227956 0.000000
435.124080 0.000002 0.000000
437.075406 0.000000 0.005800
444.577645 0.000000 0.000001
454.418988 0.000003 0.000000
464.705044 0.000000 0.000000
475.511447 0.000000 0.000000
486.945489 0.000000 0.000000
499.160008 0.000000 0.000000
512.410155 0.000000 0.000000
525.363603 0.036473 0.000000
526.014623 0.000000 0.000000
535.128420 0.000001 0.000000
537.075407 0.000000 0.001856
544.590430 0.000000 0.000000
548.152464 0.000690 0.000000
554.441736 0.000000 0.000000
564.731940 0.000000 0.000000
575.533190 0.000000 0.000000
586.957264 0.000000 0.000000
599.163923 0.000000 0.000000
612.410769 0.000000 0.000000
617.217504 0.000000 0.000000
625.363608 0.003890 0.000000
626.044554 0.000000 0.000000
635.220000 0.000000 0.000000
637.075419 0.000000 0.000297
644.765041 0.000000 0.000000
648.152479 0.000221 0.000000
654.672798 0.000000 0.000000
658.685204 0.000000 0.000009
664.953363 0.000000 0.000000
675.687113 0.000000 0.000000
687.032075 0.000000 0.000000
699.186966 0.000000 0.000000
708.719656 0.000000 0.000000
712.414193 0.000000 0.000000
717.361487 0.000000 0.000000
725.363639 0.000311 0.000000
726.475980 0.000000 0.000000
736.053663 0.000000 0.000000
737.075518 0.000000 0.000032
745.944297 0.000000 0.000000
748.152675 0.000035 0.000000
755.963507 0.000000 0.000000
758.685455 0.000000 0.000003
766.053863 0.000000 0.000000
768.728188 0.000001 0.000000
776.397906 0.000000 0.000000
787.360958 0.000000 0.000000
799.285093 0.000000 0.000000
800.543513 0.000000 0.000000
809.202757 0.000000 0.000000
812.428556 0.000000 0.000000
818.688128 0.000000 0.000000
825.363729 0.000020 0.000000
828.900947 0.000000 0.000000
837.075898 0.000000 0.000003
839.497835 0.000000 0.000000
848.154045 0.000004 0.000000
850.085956 0.000000 0.000000
858.688136 0.000000 0.000000
860.296285 0.000000 0.000000
868.731564 0.000000 0.000000
869.842566 0.000000 0.000000
878.235594 0.000000 0.000000
878.929807 0.000000 0.000000
888.535869 0.000000 0.000000
892.822460 0.000000 0.000000
899.627390 0.000000 0.000000
901.746893 0.000000 0.000000
912.124113 0.000000 0.000000
912.478653 0.000000 0.000000
923.535932 0.000000 0.000000
925.363880 0.000001 0.000000
935.402608 0.000000 0.000000
937.079205 0.000000 0.000000
947.222955 0.000000 0.000000
948.192198 0.000000 0.000000
958.491514 0.000000 0.000000
958.958701 0.000000 0.000000
968.724645 0.000000 0.000000
969.699567 0.000000 0.000000
978.279031 0.000000 0.000000
979.720027 0.000000 0.000000
983.773592 0.000000 0.000000
987.542679 0.000000 0.000000
989.087926 0.000000 0.000000
993.248128 0.000000 0.000000
995.219835 0.000000 0.000000
1000.904327 0.000000 0.000000
1006.936869 0.000000 0.000000
1012.635493 0.000000 0.000000
1019.944461 0.000000 0.000000
1025.363984 0.000000 0.000000
1033.396578 0.000000 0.000000
1037.075079 0.000000 0.000000
1046.774866 0.000000 0.000000
1048.147338 0.000000 0.000000
1058.691494 0.000000 0.000000
1059.766293 0.000000 0.000000
1068.786834 0.000000 0.000000
1072.112993 0.000000 0.000000
1077.518015 0.000000 0.000000
1078.501189 0.000000 0.000000
1083.142292 0.000000 0.000000
1086.306485 0.000000 0.000000
1090.864097 0.000000 0.000000
1092.216001 0.000000 0.000000
1097.162396 0.000000 0.000000
1101.095802 0.000000 0.000000
1103.266158 0.000000 0.000000
1112.464331 0.000000 0.000000
1117.219962 0.000000 0.000000
1117.403366 0.000000 0.000000
1118.136103 0.000000 0.000000
1125.364838 0.000000 0.000000
1133.361762 0.000000 0.000000
1137.077424 0.000000 0.000000
1148.137588 0.000000 0.000000
1148.420960 0.000000 0.000000
1158.665963 0.000000 0.000000
1162.945173 0.000000 0.000000
1168.704618 0.000000 0.000000
1171.171803 0.000000 0.000000
1176.574012 0.000000 0.000000
1178.352558 0.000000 0.000000
1184.542143 0.000000 0.000000
1187.676609 0.000000 0.000000
1188.544455 0.000000 0.000000
1197.262055 0.000000 0.000000
1199.455584 0.000000 0.000000
1201.205724 0.000000 0.000000
1205.853054 0.000000 0.000000
1211.419313 0.000000 0.000000
1217.472051 0.000000 0.000000
1218.163059 0.000000 0.000000
1218.224678 0.000000 0.000000
1225.364072 0.000000 0.000000
1235.339364 0.000000 0.000000
1237.075236 0.000000 0.000000
1248.146448 0.000000 0.000000
1252.112451 0.000000 0.000000
1258.678341 0.000000 0.000000
1265.391070 0.000000 0.000000
1268.097629 0.000000 0.000000
1268.626124 0.000000 0.000000
1272.782977 0.000000 0.000000
1272.989621 0.000000 0.000000
1278.366495 0.000000 0.000000
1281.397359 0.000000 0.000000
1282.913057 0.000000 0.000000
1288.023433 0.000000 0.000000
1296.205707 0.000000 0.000000
1296.424115 0.000000 0.000000
1301.287995 0.000000 0.000000
1305.778501 0.000000 0.000000
1309.424248 0.000000 0.000000
1314.250046 0.000000 0.000000
1317.435689 0.000000 0.000000
1318.979389 0.000000 0.000000
1320.306779 0.000000 0.000000
1325.364020 0.000000 0.000000
1337.071334 0.000000 0.000000
1339.456937 0.000000 0.000000
1348.151634 0.000000 0.000000
1357.973215 0.000000 0.000000
1358.673961 0.000000 0.000000
1360.578915 0.000000 0.000000
1368.506389 0.000000 0.000000
1371.114523 0.000000 0.000000
1371.541882 0.000000 0.000000
1375.278018 0.000000 0.000000
1378.533166 0.000000 0.000000
1380.589970 0.000000 0.000000
1387.701018 0.000000 0.000000
1391.297345 0.000000 0.000000
1396.989194 0.000000 0.000000
1402.324097 0.000000 0.000000
1406.096571 0.000000 0.000000
1406.442682 0.000000 0.000000
1414.173348 0.000000 0.000000
1416.892318 0.000000 0.000000
1419.581966 0.000000 0.000000
1422.445755 0.000000 0.000000
1424.652117 0.000000 0.000000
1425.364314 0.000000 0.000000
1437.075938 0.000000 0.000000
1445.873899 0.000000 0.000000
1448.149453 0.000000 0.000000
1457.221465 0.000000 0.000000
1458.634843 0.000000 0.000000
1466.090942 0.000000 0.000000
1468.583916 0.000000 0.000000
1469.747616 0.000000 0.000000
1469.827060 0.000000 0.000000
1478.354559 0.000000 0.000000
1481.285939 0.000000 0.000000
1484.703122 0.000000 0.000000
1488.061725 0.000000 0.000000
1496.727660 0.000000 0.000000
1502.219281 0.000000 0.000000
1505.716199 0.000000 0.000000
1507.036792 0.000000 0.000000
1514.274302 0.000000 0.000000
1515.616307 0.000000 0.000000
1519.914646 0.000000 0.000000
1522.415879 0.000000 0.000000
1525.363147 0.000000 0.000000
1530.415619 0.000000 0.000000
1531.478209 0.000000 0.000000
1537.075943 0.000000 0.000000
1548.202067 0.000000 0.000000
1554.813143 0.000000 0.000000
1556.148574 0.000000 0.000000
1558.977539 0.000000 0.000000
1567.973506 0.000000 0.000000
1568.100464 0.000000 0.000000
1569.724250 0.000000 0.000000
1576.661473 0.000000 0.000000
1580.023217 0.000000 0.000000
1585.337093 0.000000 0.000000
1589.727319 0.000000 0.000000
1596.561479 0.000000 0.000000
1598.948591 0.000000 0.000000
1606.510904 0.000000 0.000000
1613.334516 0.000000 0.000000
1614.270893 0.000000 0.000000
1614.564625 0.000000 0.000000
1619.885482 0.000000 0.000000
1622.582860 0.000000 0.000000
1625.382577 0.000000 0.000000
1630.409763 0.000000 0.000000
1637.279495 0.000000 0.000000
1638.165545 0.000000 0.000000
1641.148464 0.000000 0.000000
1649.165036 0.000000 0.000000
1658.697622 0.000000 0.000000
1661.553327 0.000000 0.000000
1666.214411 0.000000 0.000000
1666.555001 0.000000 0.000000
1666.638732 0.000000 0.000000
1674.675885 0.000000 0.000000
1687.256834 0.000000 0.000000
1690.063190 0.000000 0.000000
1692.345692 0.000000 0.000000
1699.403276 0.000000 0.000000
1710.096103 0.000000 0.000000
1710.298169 0.000000 0.000000
1719.481548 0.000000 0.000000
1720.104202 0.000000 0.000000
1724.550651 0.000000 0.000000
1725.506879 0.000000 0.000000
1729.207373 0.000000 0.000000
1737.493474 0.000000 0.000000
1738.093299 0.000000 0.000000
1742.984239 0.000000 0.000000
1743.280956 0.000000 0.000000
1745.832200 0.000000 0.000000
1751.804265 0.000000 0.000000
1754.026146 0.000000 0.000000
1764.650960 0.000000 0.000000
1764.748804 0.000000 0.000000
1766.861787 0.000000 0.000000
1767.093444 0.000000 0.000000
1781.350698 0.000000 0.000000
1782.451595 0.000000 0.000000
1797.031178 0.000000 0.000000
1804.463938 0.000000 0.000000
1805.632250 0.000000 0.000000
1810.859026 0.000000 0.000000
1818.736972 0.000000 0.000000
1823.042007 0.000000 0.000000
1825.798213 0.000000 0.000000
1833.991186 0.000000 0.000000
1838.820343 0.000000 0.000000
1839.786224 0.000000 0.000000
1843.480438 0.000000 0.000000
1849.756853 0.000000 0.000000
1851.138134 0.000000 0.000000
1853.558881 0.000000 0.000000
1856.595072 0.000000 0.000000
1862.988622 0.000000 0.000000
1863.229833 0.000000 0.000000
1870.652048 0.000000 0.000000
1874.757910 0.000000 0.000000
1883.176304 0.000000 0.000000
1892.378688 0.000000 0.000000
1899.778047 0.000000 0.000000
1909.113109 0.000000 0.000000
1917.555900 0.000000 0.000000
1921.825676 0.000000 0.000000
1923.936038 0.000000 0.000000
1927.058440 0.000000 0.000000
1936.545843 0.000000 0.000000
1943.531302 0.000000 0.000000
1947.839088 0.000000 0.000000
1955.765679 0.000000 0.000000
1957.788675 0.000000 0.000000
1957.838302 0.000000 0.000000
1961.251443 0.000000 0.000000
1961.293727 0.000000 0.000000
1962.842967 0.000000 0.000000
1963.873021 0.000000 0.000000
1967.099305 0.000000 0.000000
1967.114506 0.000000 0.000000
1984.873274 0.000000 0.000000
1992.126122 0.000000 0.000000
2004.629263 0.000000 0.000000
2010.376887 0.000000 0.000000
2016.328813 0.000000 0.000000
2022.401529 0.000000 0.000000
2027.565670 0.000000 0.000000
2038.633512 0.000000 0.000000
2047.127787 0.000000 0.000000
2049.796498 0.000000 0.000000
2052.453049 0.000000 0.000000
2058.325243 0.000000 0.000000
2060.701439 0.000000 0.000000
2060.791777 0.000000 0.000000
2065.517808 0.000000 0.000000
2068.252486 0.000000 0.000000
2070.685049 0.000000 0.000000
2070.719088 0.000000 0.000000
2073.610150 0.000000 0.000000
2087.040087 0.000000 0.000000
2097.294935 0.000000 0.000000
2117.133824 0.000000 0.000000
2118.314036 0.000000 0.000000
2130.493234 0.000000 0.000000
2136.641026 0.000000 0.000000
2150.092841 0.000000 0.000000
2153.195836 0.000000 0.000000
2155.889497 0.000000 0.000000
2158.190360 0.000000 0.000000
2163.273659 0.000000 0.000000
2165.566284 0.000000 0.000000
2170.054439 0.000000 0.000000
2173.081188 0.000000 0.000000
2175.162011 0.000000 0.000000
2177.072030 0.000000 0.000000
2185.697387 0.000000 0.000000
2189.489341 0.000000 0.000000
2211.914761 0.000000 0.000000
2224.524229 0.000000 0.000000
2229.704574 0.000000 0.000000
2238.587567 0.000000 0.000000
2252.400293 0.000000 0.000000
2263.899294 0.000000 0.000000
2267.455629 0.000000 0.000000
2267.679106 0.000000 0.000000
2272.594850 0.000000 0.000000
2274.694578 0.000000 0.000000
2276.637722 0.000000 0.000000
2281.230030 0.000000 0.000000
2283.635600 0.000000 0.000000
2300.236982 0.000000 0.000000
2305.711414 0.000000 0.000000
2328.710118 0.000000 0.000000
2337.682290 0.000000 0.000000
2342.869554 0.000000 0.000000
2354.290781 0.000000 0.000000
2368.038630 0.000000 0.000000
2376.412546 0.000000 0.000000
2379.226625 0.000000 0.000000
2382.589787 0.000000 0.000000
2384.179072 0.000000 0.000000
2385.758128 0.000000 0.000000
2390.206044 0.000000 0.000000
2397.665418 0.000000 0.000000
2417.382172 0.000000 0.000000
