Number of states: 450
Sparse Hamiltonian computation time: 0 seconds 0 milliseconds
Time to set up matrix: 0 seconds 0 milliseconds
Diagonalization time: 2 seconds 0 milliseconds
Vab = 200.000000
w = 100.000000
b = 0.800000
E    Isym    Iasym
-138.757997 0.000000 0.714156
-55.330771 0.020861 0.000000
-38.757997 0.000000 0.228530
30.040363 0.000000 0.003987
44.669229 0.006676 0.000000
61.242003 0.000000 0.036565
116.650453 0.001238 0.000000
130.040363 0.000000 0.001276
144.669229 0.001068 0.000000
161.242003 0.000000 0.003900
204.207000 0.000000 0.000085
216.650453 0.000396 0.000000
230.040363 0.000000 0.000204
244.669229 0.000114 0.000000
261.242003 0.000000 0.000312
277.477998 0.699189 0.000000
292.620629 0.003984 0.000000
304.207002 0.000000 0.000027
316.650459 0.000063 0.000000
330.040369 0.000000 0.000022
344.669232 0.000009 0.000000
361.242004 0.000000 0.000020
377.477998 0.223741 0.000000
380.999321 0.000000 0.000375
392.295238 0.000000 0.007532
392.620676 0.001275 0.000000
404.207119 0.000000 0.000004
416.650619 0.000007 0.000000
430.040500 0.000000 0.000002
444.669294 0.000001 0.000000
461.242017 0.000000 0.000001
470.633045 0.000017 0.000000
477.478007 0.035799 0.000000
480.999893 0.000000 0.000120
492.295269 0.000000 0.002410
492.622323 0.000204 0.000000
504.209781 0.000000 0.000000
505.299529 0.000859 0.000000
516.653349 0.000001 0.000000
530.042295 0.000000 0.000000
544.670000 0.000000 0.000000
560.568444 0.000000 0.000000
561.242147 0.000000 0.000000
570.638472 0.000005 0.000000
577.478155 0.003819 0.000000
581.015393 0.000000 0.000019
592.296088 0.000000 0.000386
592.651432 0.000022 0.000000
604.244837 0.000000 0.000000
605.299628 0.000275 0.000000
616.682268 0.000000 0.000000
617.587077 0.000000 0.000013
630.058422 0.000000 0.000000
644.675589 0.000000 0.000000
650.900845 0.000000 0.000000
660.604188 0.000000 0.000000
661.243088 0.000000 0.000000
670.747243 0.000001 0.000000
677.479659 0.000306 0.000000
681.215450 0.000000 0.000002
692.306285 0.000000 0.000041
692.929039 0.000002 0.000000
704.514824 0.000000 0.000000
705.301410 0.000044 0.000000
716.873005 0.000000 0.000000
717.587679 0.000000 0.000004
729.156417 0.000001 0.000000
730.153498 0.000000 0.000000
741.617444 0.000000 0.000000
744.705966 0.000000 0.000000
751.066277 0.000000 0.000000
761.094647 0.000000 0.000000
761.248476 0.000000 0.000000
771.685448 0.000000 0.000000
777.488284 0.000020 0.000000
782.482504 0.000000 0.000000
792.372870 0.000000 0.000003
794.376481 0.000000 0.000000
805.316144 0.000005 0.000000
805.765159 0.000000 0.000000
817.594460 0.000000 0.000001
817.690497 0.000000 0.000000
829.159253 0.000000 0.000000
830.540540 0.000000 0.000000
832.725125 0.000000 0.000000
840.089514 0.000000 0.000000
842.158488 0.000000 0.000000
844.825650 0.000000 0.000000
852.536128 0.000000 0.000000
861.266312 0.000000 0.000000
863.752835 0.000000 0.000000
875.385135 0.000000 0.000000
877.539997 0.000001 0.000000
886.580533 0.000000 0.000000
892.722743 0.000000 0.000000
898.912796 0.000000 0.000000
905.399368 0.000000 0.000000
909.777580 0.000000 0.000000
917.625626 0.000000 0.000000
920.378838 0.000000 0.000000
924.264140 0.000000 0.000000
929.171504 0.000000 0.000000
931.812066 0.000000 0.000000
934.056678 0.000000 0.000000
940.093270 0.000000 0.000000
945.210641 0.000000 0.000000
945.359289 0.000000 0.000000
950.438814 0.000000 0.000000
957.794007 0.000000 0.000000
961.324532 0.000000 0.000000
970.743564 0.000000 0.000000
977.489196 0.000000 0.000000
983.783129 0.000000 0.000000
991.343635 0.000000 0.000000
997.161577 0.000000 0.000000
1005.015708 0.000000 0.000000
1009.144504 0.000000 0.000000
1016.309248 0.000000 0.000000
1017.546608 0.000000 0.000000
1019.994529 0.000000 0.000000
1026.908813 0.000000 0.000000
1028.651261 0.000000 0.000000
1029.198114 0.000000 0.000000
1036.158576 0.000000 0.000000
1039.674520 0.000000 0.000000
1040.105318 0.000000 0.000000
1046.438871 0.000000 0.000000
1050.486722 0.000000 0.000000
1053.797312 0.000000 0.000000
1060.231607 0.000000 0.000000
1061.493915 0.000000 0.000000
1068.395762 0.000000 0.000000
1077.544010 0.000000 0.000000
1082.817368 0.000000 0.000000
1092.105442 0.000000 0.000000
1097.265067 0.000000 0.000000
1105.269937 0.000000 0.000000
1108.986124 0.000000 0.000000
1110.780795 0.000000 0.000000
1117.757271 0.000000 0.000000
1120.887584 0.000000 0.000000
1123.294230 0.000000 0.000000
1129.216272 0.000000 0.000000
1134.121587 0.000000 0.000000
1135.510994 0.000000 0.000000
1140.182242 0.000000 0.000000
1145.475369 0.000000 0.000000
1149.596995 0.000000 0.000000
1152.594679 0.000000 0.000000
1155.643283 0.000000 0.000000
1156.947753 0.000000 0.000000
1160.203316 0.000000 0.000000
1162.226117 0.000000 0.000000
1168.389720 0.000000 0.000000
1169.338986 0.000000 0.000000
1177.545389 0.000000 0.000000
1184.602500 0.000000 0.000000
1191.749562 0.000000 0.000000
1200.779888 0.000000 0.000000
1202.557235 0.000000 0.000000
1205.353648 0.000000 0.000000
1215.523595 0.000000 0.000000
1216.231149 0.000000 0.000000
1217.614094 0.000000 0.000000
1229.163411 0.000000 0.000000
1229.221409 0.000000 0.000000
1233.259503 0.000000 0.000000
1240.059045 0.000000 0.000000
1242.360792 0.000000 0.000000
1250.337652 0.000000 0.000000
1251.084361 0.000000 0.000000
1254.593259 0.000000 0.000000
1258.677426 0.000000 0.000000
1260.843724 0.000000 0.000000
1263.651839 0.000000 0.000000
1267.929058 0.000000 0.000000
1272.153668 0.000000 0.000000
1277.341945 0.000000 0.000000
1277.581443 0.000000 0.000000
1288.116662 0.000000 0.000000
1292.210886 0.000000 0.000000
1297.683494 0.000000 0.000000
1303.621813 0.000000 0.000000
1306.239140 0.000000 0.000000
1307.189491 0.000000 0.000000
1308.642209 0.000000 0.000000
1313.226687 0.000000 0.000000
1317.800994 0.000000 0.000000
1322.390707 0.000000 0.000000
1329.216971 0.000000 0.000000
1332.801324 0.000000 0.000000
1337.620072 0.000000 0.000000
1340.148743 0.000000 0.000000
1350.305170 0.000000 0.000000
1351.809083 0.000000 0.000000
1353.184821 0.000000 0.000000
1359.406835 0.000000 0.000000
1360.241796 0.000000 0.000000
1365.127571 0.000000 0.000000
1370.122901 0.000000 0.000000
1372.974472 0.000000 0.000000
1377.526004 0.000000 0.000000
1380.568070 0.000000 0.000000
1382.614223 0.000000 0.000000
1391.755797 0.000000 0.000000
1394.572486 0.000000 0.000000
1396.692455 0.000000 0.000000
1404.832818 0.000000 0.000000
1406.787758 0.000000 0.000000
1407.228978 0.000000 0.000000
1412.028309 0.000000 0.000000
1413.832391 0.000000 0.000000
1417.624964 0.000000 0.000000
1429.117191 0.000000 0.000000
1431.347562 0.000000 0.000000
1434.779975 0.000000 0.000000
1440.055326 0.000000 0.000000
1447.913742 0.000000 0.000000
1450.349203 0.000000 0.000000
1456.996055 0.000000 0.000000
1458.508832 0.000000 0.000000
1460.727303 0.000000 0.000000
1466.032059 0.000000 0.000000
1470.017238 0.000000 0.000000
1477.455922 0.000000 0.000000
1478.105429 0.000000 0.000000
1479.509222 0.000000 0.000000
1484.559216 0.000000 0.000000
1489.748359 0.000000 0.000000
1491.745269 0.000000 0.000000
1500.656738 0.000000 0.000000
1503.936077 0.000000 0.000000
1504.748456 0.000000 0.000000
1505.827807 0.000000 0.000000
1506.154137 0.000000 0.000000
1513.333384 0.000000 0.000000
1517.355952 0.000000 0.000000
1523.728604 0.000000 0.000000
1528.941850 0.000000 0.000000
1538.401507 0.000000 0.000000
1540.756966 0.000000 0.000000
1542.911654 0.000000 0.000000
1551.044504 0.000000 0.000000
1557.180449 0.000000 0.000000
1561.093831 0.000000 0.000000
1563.726442 0.000000 0.000000
1565.965202 0.000000 0.000000
1571.010799 0.000000 0.000000
1577.592112 0.000000 0.000000
1579.294217 0.000000 0.000000
1581.747039 0.000000 0.000000
1588.035920 0.000000 0.000000
1590.213119 0.000000 0.000000
1592.126075 0.000000 0.000000
1598.792413 0.000000 0.000000
1603.838998 0.000000 0.000000
1605.344625 0.000000 0.000000
1606.752642 0.000000 0.000000
1608.295709 0.000000 0.000000
1614.788466 0.000000 0.000000
1617.177973 0.000000 0.000000
1619.835021 0.000000 0.000000
1634.150653 0.000000 0.000000
1636.309310 0.000000 0.000000
1646.053921 0.000000 0.000000
1648.596862 0.000000 0.000000
1654.095310 0.000000 0.000000
1661.877441 0.000000 0.000000
1665.656597 0.000000 0.000000
1671.240191 0.000000 0.000000
1676.567130 0.000000 0.000000
1677.638801 0.000000 0.000000
1684.493566 0.000000 0.000000
1685.312000 0.000000 0.000000
1692.420758 0.000000 0.000000
1696.247633 0.000000 0.000000
1699.027473 0.000000 0.000000
1701.951732 0.000000 0.000000
1702.670532 0.000000 0.000000
1704.088658 0.000000 0.000000
1706.412919 0.000000 0.000000
1709.291671 0.000000 0.000000
1709.742699 0.000000 0.000000
1716.263674 0.000000 0.000000
1724.117598 0.000000 0.000000
1725.644905 0.000000 0.000000
1728.278419 0.000000 0.000000
1743.167679 0.000000 0.000000
1750.014577 0.000000 0.000000
1756.284672 0.000000 0.000000
1759.540172 0.000000 0.000000
1764.719534 0.000000 0.000000
1773.217198 0.000000 0.000000
1778.159337 0.000000 0.000000
1786.941606 0.000000 0.000000
1787.781294 0.000000 0.000000
1792.645424 0.000000 0.000000
1794.368839 0.000000 0.000000
1800.022442 0.000000 0.000000
1802.777079 0.000000 0.000000
1803.947578 0.000000 0.000000
1808.628261 0.000000 0.000000
1813.294007 0.000000 0.000000
1814.965272 0.000000 0.000000
1815.408510 0.000000 0.000000
1819.952805 0.000000 0.000000
1824.352177 0.000000 0.000000
1833.744122 0.000000 0.000000
1836.424275 0.000000 0.000000
1844.021164 0.000000 0.000000
1854.609458 0.000000 0.000000
1862.767589 0.000000 0.000000
1870.625982 0.000000 0.000000
1871.935682 0.000000 0.000000
1878.365101 0.000000 0.000000
1887.921358 0.000000 0.000000
1895.695578 0.000000 0.000000
1898.448003 0.000000 0.000000
1900.743669 0.000000 0.000000
1905.203132 0.000000 0.000000
1906.191068 0.000000 0.000000
1913.150361 0.000000 0.000000
1913.243165 0.000000 0.000000
1921.640620 0.000000 0.000000
1922.369499 0.000000 0.000000
1925.385325 0.000000 0.000000
1931.873126 0.000000 0.000000
1932.051818 0.000000 0.000000
1932.620922 0.000000 0.000000
1936.558682 0.000000 0.000000
1946.150318 0.000000 0.000000
1953.695403 0.000000 0.000000
1959.985779 0.000000 0.000000
1967.511171 0.000000 0.000000
1980.158798 0.000000 0.000000
1984.626866 0.000000 0.000000
1991.751597 0.000000 0.000000
1995.587740 0.000000 0.000000
2000.300478 0.000000 0.000000
2004.981919 0.000000 0.000000
2005.447476 0.000000 0.000000
2018.414502 0.000000 0.000000
2024.658158 0.000000 0.000000
2027.895168 0.000000 0.000000
2031.790312 0.000000 0.000000
2033.078511 0.000000 0.000000
2034.525579 0.000000 0.000000
2035.872243 0.000000 0.000000
2037.460869 0.000000 0.000000
2045.514310 0.000000 0.000000
2056.434945 0.000000 0.000000
2059.823795 0.000000 0.000000
2078.142911 0.000000 0.000000
2081.998207 0.000000 0.000000
2085.750425 0.000000 0.000000
2096.344658 0.000000 0.000000
2097.221372 0.000000 0.000000
2103.022735 0.000000 0.000000
2115.572265 0.000000 0.000000
2116.480580 0.000000 0.000000
2123.708700 0.000000 0.000000
2130.252895 0.000000 0.000000
2136.009671 0.000000 0.000000
2138.834549 0.000000 0.000000
2140.730686 0.000000 0.000000
2146.132105 0.000000 0.000000
2148.097178 0.000000 0.000000
2155.538122 0.000000 0.000000
2173.988730 0.000000 0.000000
2183.895169 0.000000 0.000000
2184.343762 0.000000 0.000000
2192.035172 0.000000 0.000000
2204.142986 0.000000 0.000000
2204.709064 0.000000 0.000000
2215.286672 0.000000 0.000000
2221.312405 0.000000 0.000000
2229.655095 0.000000 0.000000
2232.818350 0.000000 0.000000
2238.914195 0.000000 0.000000
2242.553173 0.000000 0.000000
2247.921036 0.000000 0.000000
2254.346750 0.000000 0.000000
2261.546418 0.000000 0.000000
2263.550969 0.000000 0.000000
2291.842142 0.000000 0.000000
2292.186876 0.000000 0.000000
2299.419907 0.000000 0.000000
2315.933432 0.000000 0.000000
2320.092612 0.000000 0.000000
2330.837937 0.000000 0.000000
2338.279669 0.000000 0.000000
2342.601194 0.000000 0.000000
2342.729819 0.000000 0.000000
2348.560445 0.000000 0.000000
2353.054324 0.000000 0.000000
2359.449613 0.000000 0.000000
2379.537166 0.000000 0.000000
2382.074537 0.000000 0.000000
2406.857781 0.000000 0.000000
2411.108052 0.000000 0.000000
