Number of states: 450
Sparse Hamiltonian computation time: 0 seconds 0 milliseconds
Time to set up matrix: 0 seconds 0 milliseconds
Diagonalization time: 2 seconds 0 milliseconds
Vab = 300.000000
w = 100.000000
b = 0.800000
E    Isym    Iasym
-236.763803 0.000000 0.720159
-147.784094 0.008482 0.000000
-136.763803 0.000000 0.230451
-58.195213 0.000000 0.001578
-47.784094 0.002714 0.000000
-36.763803 0.000000 0.036872
31.895077 0.000119 0.000000
41.804787 0.000000 0.000505
52.215906 0.000434 0.000000
63.236197 0.000000 0.003933
122.410659 0.000000 0.000010
131.895077 0.000038 0.000000
141.804787 0.000000 0.000081
152.215906 0.000046 0.000000
163.236197 0.000000 0.000315
213.294267 0.000005 0.000000
222.410660 0.000000 0.000003
231.895080 0.000006 0.000000
241.804790 0.000000 0.000009
252.215908 0.000004 0.000000
263.236197 0.000000 0.000020
304.501283 0.000000 0.000000
313.294291 0.000002 0.000000
322.410716 0.000000 0.000001
331.895153 0.000001 0.000000
341.804846 0.000000 0.000001
352.215932 0.000000 0.000000
363.236202 0.000000 0.000001
373.984610 0.716985 0.000000
395.996301 0.000007 0.000000
404.501621 0.000000 0.000000
413.295199 0.000000 0.000000
422.412135 0.000000 0.000000
431.896551 0.000000 0.000000
441.805716 0.000000 0.000000
452.216249 0.000000 0.000000
463.236254 0.000000 0.000000
473.984610 0.229435 0.000000
483.903914 0.000000 0.004388
487.757335 0.000000 0.000008
495.999740 0.000002 0.000000
504.511731 0.000000 0.000000
513.313100 0.000000 0.000000
522.433126 0.000000 0.000000
531.913302 0.000000 0.000000
541.814618 0.000000 0.000000
552.219131 0.000000 0.000000
563.236689 0.000000 0.000000
573.984611 0.036710 0.000000
579.734114 0.000000 0.000000
583.903960 0.000000 0.001404
587.782167 0.000000 0.000003
593.443555 0.000550 0.000000
596.076161 0.000000 0.000000
604.657727 0.000000 0.000000
613.506079 0.000000 0.000000
622.617070 0.000000 0.000000
632.039824 0.000000 0.000000
641.875071 0.000000 0.000000
652.237293 0.000000 0.000000
663.239295 0.000000 0.000000
671.951094 0.000000 0.000000
673.984618 0.003916 0.000000
679.858611 0.000000 0.000000
683.904619 0.000000 0.000225
688.158275 0.000000 0.000000
693.443610 0.000176 0.000000
696.810438 0.000000 0.000000
702.616466 0.000000 0.000006
705.703136 0.000000 0.000000
714.653708 0.000000 0.000000
723.593471 0.000000 0.000000
732.664940 0.000000 0.000000
742.159543 0.000000 0.000000
752.320062 0.000000 0.000000
763.250988 0.000000 0.000000
764.401916 0.000000 0.000000
772.380671 0.000000 0.000000
773.984647 0.000313 0.000000
781.050662 0.000000 0.000000
783.907088 0.000000 0.000024
790.358950 0.000000 0.000000
793.444008 0.000028 0.000000
799.972712 0.000000 0.000000
802.616586 0.000000 0.000002
809.546624 0.000000 0.000000
811.476761 0.000000 0.000000
818.719462 0.000000 0.000000
827.180780 0.000000 0.000000
835.063354 0.000000 0.000000
843.257074 0.000000 0.000000
852.630745 0.000000 0.000000
857.120380 0.000000 0.000000
863.293906 0.000000 0.000000
865.492031 0.000000 0.000000
873.984694 0.000020 0.000000
875.049223 0.000000 0.000000
883.909924 0.000000 0.000002
885.512770 0.000000 0.000000
893.446164 0.000003 0.000000
896.389291 0.000000 0.000000
902.618007 0.000000 0.000000
907.211661 0.000000 0.000000
911.477329 0.000000 0.000000
917.658041 0.000000 0.000000
920.055367 0.000000 0.000000
927.540568 0.000000 0.000000
936.713956 0.000000 0.000000
943.946603 0.000000 0.000000
948.420102 0.000000 0.000000
950.159389 0.000000 0.000000
954.012720 0.000000 0.000000
959.349272 0.000000 0.000000
963.447287 0.000000 0.000000
970.284695 0.000000 0.000000
973.984789 0.000001 0.000000
982.301394 0.000000 0.000000
983.916660 0.000000 0.000000
993.409761 0.000000 0.000000
994.741318 0.000000 0.000000
1002.611750 0.000000 0.000000
1007.020623 0.000000 0.000000
1011.477649 0.000000 0.000000
1018.905161 0.000000 0.000000
1020.056179 0.000000 0.000000
1028.378520 0.000000 0.000000
1030.141373 0.000000 0.000000
1040.125500 0.000000 0.000000
1043.589489 0.000000 0.000000
1047.837789 0.000000 0.000000
1054.111338 0.000000 0.000000
1054.652597 0.000000 0.000000
1063.602000 0.000000 0.000000
1066.880438 0.000000 0.000000
1073.981934 0.000000 0.000000
1075.221167 0.000000 0.000000
1075.229651 0.000000 0.000000
1080.744655 0.000000 0.000000
1083.912033 0.000000 0.000000
1093.441684 0.000000 0.000000
1094.867063 0.000000 0.000000
1102.616679 0.000000 0.000000
1108.751407 0.000000 0.000000
1111.489492 0.000000 0.000000
1120.052159 0.000000 0.000000
1122.115044 0.000000 0.000000
1128.379451 0.000000 0.000000
1134.452454 0.000000 0.000000
1136.468220 0.000000 0.000000
1137.510949 0.000000 0.000000
1144.954077 0.000000 0.000000
1149.974040 0.000000 0.000000
1153.841814 0.000000 0.000000
1163.406006 0.000000 0.000000
1164.999041 0.000000 0.000000
1173.984730 0.000000 0.000000
1174.664538 0.000000 0.000000
1174.752683 0.000000 0.000000
1180.935447 0.000000 0.000000
1183.913474 0.000000 0.000000
1193.430459 0.000000 0.000000
1196.920162 0.000000 0.000000
1202.616338 0.000000 0.000000
1211.475894 0.000000 0.000000
1212.456110 0.000000 0.000000
1220.058892 0.000000 0.000000
1227.153415 0.000000 0.000000
1228.384838 0.000000 0.000000
1232.071997 0.000000 0.000000
1234.679871 0.000000 0.000000
1234.680392 0.000000 0.000000
1236.470098 0.000000 0.000000
1240.292875 0.000000 0.000000
1244.338962 0.000000 0.000000
1247.195410 0.000000 0.000000
1251.574289 0.000000 0.000000
1262.524680 0.000000 0.000000
1264.865360 0.000000 0.000000
1273.962356 0.000000 0.000000
1274.038267 0.000000 0.000000
1274.346480 0.000000 0.000000
1283.055574 0.000000 0.000000
1283.912282 0.000000 0.000000
1293.441300 0.000000 0.000000
1300.965134 0.000000 0.000000
1302.627464 0.000000 0.000000
1311.474156 0.000000 0.000000
1318.163037 0.000000 0.000000
1320.054243 0.000000 0.000000
1327.543193 0.000000 0.000000
1328.379512 0.000000 0.000000
1332.958309 0.000000 0.000000
1332.967659 0.000000 0.000000
1333.979800 0.000000 0.000000
1336.466609 0.000000 0.000000
1344.340564 0.000000 0.000000
1346.119382 0.000000 0.000000
1347.856231 0.000000 0.000000
1352.028636 0.000000 0.000000
1360.747049 0.000000 0.000000
1366.753022 0.000000 0.000000
1373.147793 0.000000 0.000000
1373.986038 0.000000 0.000000
1374.016883 0.000000 0.000000
1383.909545 0.000000 0.000000
1387.335029 0.000000 0.000000
1393.436291 0.000000 0.000000
1402.615329 0.000000 0.000000
1407.245682 0.000000 0.000000
1411.476941 0.000000 0.000000
1420.052029 0.000000 0.000000
1424.359628 0.000000 0.000000
1425.921725 0.000000 0.000000
1428.374277 0.000000 0.000000
1431.208122 0.000000 0.000000
1431.210886 0.000000 0.000000
1436.468835 0.000000 0.000000
1442.622981 0.000000 0.000000
1444.342563 0.000000 0.000000
1447.207544 0.000000 0.000000
1452.008378 0.000000 0.000000
1457.900297 0.000000 0.000000
1459.524778 0.000000 0.000000
1471.001596 0.000000 0.000000
1471.918039 0.000000 0.000000
1473.741874 0.000000 0.000000
1473.984600 0.000000 0.000000
1483.909666 0.000000 0.000000
1493.398945 0.000000 0.000000
1494.071431 0.000000 0.000000
1502.586256 0.000000 0.000000
1511.432951 0.000000 0.000000
1515.877966 0.000000 0.000000
1520.014740 0.000000 0.000000
1523.319858 0.000000 0.000000
1528.359266 0.000000 0.000000
1529.391116 0.000000 0.000000
1529.401580 0.000000 0.000000
1535.792786 0.000000 0.000000
1536.467499 0.000000 0.000000
1544.350176 0.000000 0.000000
1550.858973 0.000000 0.000000
1551.987220 0.000000 0.000000
1553.890047 0.000000 0.000000
1559.492866 0.000000 0.000000
1566.859557 0.000000 0.000000
1570.153893 0.000000 0.000000
1573.481409 0.000000 0.000000
1573.986891 0.000000 0.000000
1577.974222 0.000000 0.000000
1583.942022 0.000000 0.000000
1593.622070 0.000000 0.000000
1603.154355 0.000000 0.000000
1603.567864 0.000000 0.000000
1612.924625 0.000000 0.000000
1622.426874 0.000000 0.000000
1625.677910 0.000000 0.000000
1626.850077 0.000000 0.000000
1627.548146 0.000000 0.000000
1627.687958 0.000000 0.000000
1631.275407 0.000000 0.000000
1639.073744 0.000000 0.000000
1645.996432 0.000000 0.000000
1648.303861 0.000000 0.000000
1652.732625 0.000000 0.000000
1657.838149 0.000000 0.000000
1659.697296 0.000000 0.000000
1666.843386 0.000000 0.000000
1667.616017 0.000000 0.000000
1673.198772 0.000000 0.000000
1674.015960 0.000000 0.000000
1674.079895 0.000000 0.000000
1684.209184 0.000000 0.000000
1688.120624 0.000000 0.000000
1694.698273 0.000000 0.000000
1705.876510 0.000000 0.000000
1715.866716 0.000000 0.000000
1717.540247 0.000000 0.000000
1725.643354 0.000000 0.000000
1725.645213 0.000000 0.000000
1729.006991 0.000000 0.000000
1733.363004 0.000000 0.000000
1739.699695 0.000000 0.000000
1741.063609 0.000000 0.000000
1749.369377 0.000000 0.000000
1758.134910 0.000000 0.000000
1763.972466 0.000000 0.000000
1766.174281 0.000000 0.000000
1769.047009 0.000000 0.000000
1772.800075 0.000000 0.000000
1773.804563 0.000000 0.000000
1774.153369 0.000000 0.000000
1781.100222 0.000000 0.000000
1784.800949 0.000000 0.000000
1784.977871 0.000000 0.000000
1785.237692 0.000000 0.000000
1797.195123 0.000000 0.000000
1802.070372 0.000000 0.000000
1810.686366 0.000000 0.000000
1823.623987 0.000000 0.000000
1823.719376 0.000000 0.000000
1824.631480 0.000000 0.000000
1831.853630 0.000000 0.000000
1837.934043 0.000000 0.000000
1848.874972 0.000000 0.000000
1850.147274 0.000000 0.000000
1859.048773 0.000000 0.000000
1861.191114 0.000000 0.000000
1871.020711 0.000000 0.000000
1872.307917 0.000000 0.000000
1874.494233 0.000000 0.000000
1879.828949 0.000000 0.000000
1885.573698 0.000000 0.000000
1886.721953 0.000000 0.000000
1888.459326 0.000000 0.000000
1891.418095 0.000000 0.000000
1891.514249 0.000000 0.000000
1901.449680 0.000000 0.000000
1917.645012 0.000000 0.000000
1920.814208 0.000000 0.000000
1921.561145 0.000000 0.000000
1922.328070 0.000000 0.000000
1933.793316 0.000000 0.000000
1948.743123 0.000000 0.000000
1952.933051 0.000000 0.000000
1962.186397 0.000000 0.000000
1972.267446 0.000000 0.000000
1974.273267 0.000000 0.000000
1974.742478 0.000000 0.000000
1975.151957 0.000000 0.000000
1984.719805 0.000000 0.000000
1989.593868 0.000000 0.000000
1993.308815 0.000000 0.000000
1997.467295 0.000000 0.000000
1997.982203 0.000000 0.000000
2005.321711 0.000000 0.000000
2005.335649 0.000000 0.000000
2007.730087 0.000000 0.000000
2012.940279 0.000000 0.000000
2019.576101 0.000000 0.000000
2020.741310 0.000000 0.000000
2026.822940 0.000000 0.000000
2044.923251 0.000000 0.000000
2048.358960 0.000000 0.000000
2061.221511 0.000000 0.000000
2074.556740 0.000000 0.000000
2074.818952 0.000000 0.000000
2077.257691 0.000000 0.000000
2088.051695 0.000000 0.000000
2094.435985 0.000000 0.000000
2098.250064 0.000000 0.000000
2103.231975 0.000000 0.000000
2104.083779 0.000000 0.000000
2108.794402 0.000000 0.000000
2108.812018 0.000000 0.000000
2113.231918 0.000000 0.000000
2116.294431 0.000000 0.000000
2119.186566 0.000000 0.000000
2122.112185 0.000000 0.000000
2138.184492 0.000000 0.000000
2151.154318 0.000000 0.000000
2157.850219 0.000000 0.000000
2175.300944 0.000000 0.000000
2178.232732 0.000000 0.000000
2183.055829 0.000000 0.000000
2190.631720 0.000000 0.000000
2200.040118 0.000000 0.000000
2203.423230 0.000000 0.000000
2207.789551 0.000000 0.000000
2209.456900 0.000000 0.000000
2212.875877 0.000000 0.000000
2213.347625 0.000000 0.000000
2224.722368 0.000000 0.000000
2227.514809 0.000000 0.000000
2231.006736 0.000000 0.000000
2251.752205 0.000000 0.000000
2266.441521 0.000000 0.000000
2272.185072 0.000000 0.000000
2282.324412 0.000000 0.000000
2290.699138 0.000000 0.000000
2302.792659 0.000000 0.000000
2305.357047 0.000000 0.000000
2310.248340 0.000000 0.000000
2312.098145 0.000000 0.000000
2313.500439 0.000000 0.000000
2318.060826 0.000000 0.000000
2318.728623 0.000000 0.000000
2341.161051 0.000000 0.000000
2342.689594 0.000000 0.000000
2353.337297 0.000000 0.000000
2367.543118 0.000000 0.000000
2384.131243 0.000000 0.000000
2392.510593 0.000000 0.000000
2406.585211 0.000000 0.000000
2414.616500 0.000000 0.000000
2416.957389 0.000000 0.000000
2422.423944 0.000000 0.000000
2423.218700 0.000000 0.000000
2426.591966 0.000000 0.000000
2437.728301 0.000000 0.000000
