Number of states: 450
Sparse Hamiltonian computation time: 0 seconds 0 milliseconds
Time to set up matrix: 0 seconds 0 milliseconds
Diagonalization time: 2 seconds 0 milliseconds
Vab = 350.000000
w = 100.000000
b = 0.800000
E    Isym    Iasym
-286.149351 0.000000 0.721601
-195.573980 0.006039 0.000000
-186.149351 0.000000 0.230912
-104.612470 0.000000 0.001108
-95.573980 0.001932 0.000000
-86.149351 0.000000 0.036946
-13.316056 0.000053 0.000000
-4.612470 0.000000 0.000355
4.426020 0.000309 0.000000
13.850649 0.000000 0.003941
78.275446 0.000000 0.000004
86.683944 0.000017 0.000000
95.387530 0.000000 0.000057
104.426020 0.000033 0.000000
113.850649 0.000000 0.000315
170.130117 0.000001 0.000000
178.275447 0.000000 0.000001
186.683946 0.000003 0.000000
195.387532 0.000000 0.000006
204.426021 0.000003 0.000000
213.850649 0.000000 0.000020
262.221792 0.000000 0.000000
270.130134 0.000000 0.000000
278.275487 0.000000 0.000000
286.683998 0.000000 0.000000
295.387571 0.000000 0.000000
304.426037 0.000000 0.000000
313.850652 0.000000 0.000001
354.528666 0.000000 0.000000
362.222051 0.000000 0.000000
370.130826 0.000000 0.000000
378.276562 0.000000 0.000000
386.685047 0.000000 0.000000
395.388215 0.000000 0.000000
404.426268 0.000000 0.000000
413.850689 0.000000 0.000000
423.043220 0.719610 0.000000
447.032556 0.000000 0.000000
454.531431 0.000000 0.000000
462.230179 0.000000 0.000000
470.145191 0.000000 0.000000
478.293327 0.000000 0.000000
486.698317 0.000000 0.000000
495.395180 0.000000 0.000000
504.428484 0.000000 0.000000
513.851016 0.000000 0.000000
523.043220 0.230275 0.000000
531.654569 0.000000 0.003431
539.719615 0.000000 0.000000
547.053442 0.000000 0.000000
554.595932 0.000000 0.000000
562.353842 0.000000 0.000000
570.308794 0.000000 0.000000
578.448862 0.000000 0.000000
586.804568 0.000000 0.000000
595.445356 0.000000 0.000000
604.443302 0.000000 0.000000
613.853093 0.000000 0.000000
623.043220 0.036844 0.000000
631.654569 0.000000 0.001098
632.584797 0.000000 0.000000
639.828126 0.000000 0.000000
639.996683 0.000446 0.000000
647.384983 0.000000 0.000000
655.247928 0.000000 0.000000
663.288684 0.000000 0.000000
671.339095 0.000000 0.000000
679.325040 0.000000 0.000000
687.362196 0.000000 0.000000
695.696067 0.000000 0.000000
704.514917 0.000000 0.000000
713.862964 0.000000 0.000000
723.043220 0.003930 0.000000
725.640230 0.000000 0.000000
731.654569 0.000000 0.000176
732.968641 0.000000 0.000000
739.996682 0.000143 0.000000
740.905514 0.000000 0.000000
748.095180 0.000000 0.000004
749.396625 0.000000 0.000000
758.164651 0.000000 0.000000
766.870749 0.000000 0.000000
775.170968 0.000000 0.000000
782.740278 0.000000 0.000000
789.652719 0.000000 0.000000
796.734125 0.000000 0.000000
804.801919 0.000000 0.000000
813.901390 0.000000 0.000000
818.919766 0.000000 0.000000
823.043221 0.000314 0.000000
826.628894 0.000000 0.000000
831.654570 0.000000 0.000019
835.412908 0.000000 0.000000
839.996683 0.000023 0.000000
845.029408 0.000000 0.000000
848.095183 0.000000 0.000001
855.008699 0.000000 0.000000
855.971674 0.000000 0.000000
864.929514 0.000000 0.000000
874.468395 0.000000 0.000000
883.448525 0.000000 0.000000
891.845044 0.000000 0.000000
898.738776 0.000000 0.000000
902.437267 0.000000 0.000000
906.370984 0.000000 0.000000
912.475557 0.000000 0.000000
914.055645 0.000000 0.000000
920.960070 0.000000 0.000000
923.043221 0.000020 0.000000
931.053458 0.000000 0.000000
931.654570 0.000000 0.000001
939.996685 0.000002 0.000000
942.158188 0.000000 0.000000
948.095227 0.000000 0.000000
953.611383 0.000000 0.000000
955.971810 0.000000 0.000000
963.644507 0.000000 0.000000
964.945941 0.000000 0.000000
975.855342 0.000000 0.000000
986.140366 0.000000 0.000000
995.302084 0.000000 0.000000
1002.030003 0.000000 0.000000
1006.376051 0.000000 0.000000
1007.240162 0.000000 0.000000
1014.290946 0.000000 0.000000
1016.115997 0.000000 0.000000
1023.043219 0.000001 0.000000
1027.951765 0.000000 0.000000
1031.563544 0.000000 0.000000
1031.565042 0.000000 0.000000
1031.654672 0.000000 0.000000
1039.996627 0.000000 0.000000
1040.820252 0.000000 0.000000
1048.095073 0.000000 0.000000
1053.917003 0.000000 0.000000
1055.971703 0.000000 0.000000
1063.644831 0.000000 0.000000
1066.763857 0.000000 0.000000
1071.129494 0.000000 0.000000
1079.045800 0.000000 0.000000
1090.347527 0.000000 0.000000
1099.690779 0.000000 0.000000
1100.716166 0.000000 0.000000
1106.890037 0.000000 0.000000
1112.285348 0.000000 0.000000
1114.359458 0.000000 0.000000
1123.043220 0.000000 0.000000
1126.271513 0.000000 0.000000
1130.574703 0.000000 0.000000
1130.590183 0.000000 0.000000
1131.654578 0.000000 0.000000
1139.996685 0.000000 0.000000
1141.127493 0.000000 0.000000
1148.095165 0.000000 0.000000
1155.938384 0.000000 0.000000
1156.025543 0.000000 0.000000
1163.644240 0.000000 0.000000
1170.400702 0.000000 0.000000
1171.130346 0.000000 0.000000
1178.439051 0.000000 0.000000
1183.930979 0.000000 0.000000
1194.124376 0.000000 0.000000
1194.125863 0.000000 0.000000
1195.618707 0.000000 0.000000
1195.810147 0.000000 0.000000
1205.316267 0.000000 0.000000
1209.723256 0.000000 0.000000
1214.001229 0.000000 0.000000
1223.043221 0.000000 0.000000
1226.235190 0.000000 0.000000
1229.544615 0.000000 0.000000
1229.622705 0.000000 0.000000
1231.654575 0.000000 0.000000
1239.996657 0.000000 0.000000
1243.258619 0.000000 0.000000
1248.095143 0.000000 0.000000
1255.971684 0.000000 0.000000
1259.978046 0.000000 0.000000
1263.645274 0.000000 0.000000
1271.127968 0.000000 0.000000
1275.917046 0.000000 0.000000
1278.442296 0.000000 0.000000
1285.574894 0.000000 0.000000
1290.359210 0.000000 0.000000
1291.414231 0.000000 0.000000
1292.281024 0.000000 0.000000
1292.286542 0.000000 0.000000
1302.483813 0.000000 0.000000
1308.766542 0.000000 0.000000
1313.009870 0.000000 0.000000
1323.043221 0.000000 0.000000
1328.122670 0.000000 0.000000
1328.422095 0.000000 0.000000
1328.692091 0.000000 0.000000
1331.654571 0.000000 0.000000
1339.996685 0.000000 0.000000
1347.445679 0.000000 0.000000
1348.095167 0.000000 0.000000
1355.971442 0.000000 0.000000
1363.644611 0.000000 0.000000
1366.050704 0.000000 0.000000
1371.129873 0.000000 0.000000
1378.436609 0.000000 0.000000
1383.306556 0.000000 0.000000
1385.592692 0.000000 0.000000
1388.369225 0.000000 0.000000
1390.401898 0.000000 0.000000
1390.406791 0.000000 0.000000
1392.634961 0.000000 0.000000
1398.281216 0.000000 0.000000
1409.851518 0.000000 0.000000
1411.173526 0.000000 0.000000
1423.043218 0.000000 0.000000
1427.115134 0.000000 0.000000
1427.845976 0.000000 0.000000
1431.654541 0.000000 0.000000
1432.269470 0.000000 0.000000
1439.996668 0.000000 0.000000
1448.095035 0.000000 0.000000
1453.961506 0.000000 0.000000
1455.971273 0.000000 0.000000
1463.643351 0.000000 0.000000
1471.128821 0.000000 0.000000
1474.349939 0.000000 0.000000
1478.438380 0.000000 0.000000
1485.561548 0.000000 0.000000
1487.392897 0.000000 0.000000
1488.490708 0.000000 0.000000
1488.491957 0.000000 0.000000
1492.544754 0.000000 0.000000
1492.600131 0.000000 0.000000
1499.475286 0.000000 0.000000
1508.254765 0.000000 0.000000
1513.478829 0.000000 0.000000
1523.043148 0.000000 0.000000
1525.491633 0.000000 0.000000
1527.133772 0.000000 0.000000
1531.654306 0.000000 0.000000
1539.047998 0.000000 0.000000
1539.998074 0.000000 0.000000
1548.106725 0.000000 0.000000
1556.009392 0.000000 0.000000
1563.087479 0.000000 0.000000
1563.718926 0.000000 0.000000
1571.214559 0.000000 0.000000
1578.509054 0.000000 0.000000
1584.852212 0.000000 0.000000
1585.581917 0.000000 0.000000
1586.532788 0.000000 0.000000
1586.656068 0.000000 0.000000
1589.561098 0.000000 0.000000
1592.633495 0.000000 0.000000
1599.465169 0.000000 0.000000
1604.008259 0.000000 0.000000
1606.206237 0.000000 0.000000
1620.246031 0.000000 0.000000
1623.048041 0.000000 0.000000
1623.354849 0.000000 0.000000
1626.581209 0.000000 0.000000
1631.710612 0.000000 0.000000
1640.282196 0.000000 0.000000
1648.906738 0.000000 0.000000
1648.969951 0.000000 0.000000
1657.802984 0.000000 0.000000
1666.546692 0.000000 0.000000
1674.694582 0.000000 0.000000
1675.062257 0.000000 0.000000
1681.861756 0.000000 0.000000
1684.564857 0.000000 0.000000
1684.574070 0.000000 0.000000
1687.943415 0.000000 0.000000
1693.669959 0.000000 0.000000
1696.812851 0.000000 0.000000
1698.105042 0.000000 0.000000
1699.791863 0.000000 0.000000
1706.249909 0.000000 0.000000
1712.810358 0.000000 0.000000
1720.426180 0.000000 0.000000
1723.084763 0.000000 0.000000
1726.199626 0.000000 0.000000
1731.158912 0.000000 0.000000
1732.016151 0.000000 0.000000
1741.409772 0.000000 0.000000
1751.547595 0.000000 0.000000
1762.158996 0.000000 0.000000
1762.444599 0.000000 0.000000
1772.622976 0.000000 0.000000
1782.252819 0.000000 0.000000
1782.535174 0.000000 0.000000
1782.662630 0.000000 0.000000
1790.256899 0.000000 0.000000
1791.123200 0.000000 0.000000
1798.852519 0.000000 0.000000
1805.942611 0.000000 0.000000
1811.588428 0.000000 0.000000
1812.700545 0.000000 0.000000
1816.380804 0.000000 0.000000
1819.290264 0.000000 0.000000
1823.214454 0.000000 0.000000
1826.087068 0.000000 0.000000
1828.604726 0.000000 0.000000
1828.607441 0.000000 0.000000
1832.841182 0.000000 0.000000
1843.781961 0.000000 0.000000
1847.948296 0.000000 0.000000
1855.999600 0.000000 0.000000
1868.640435 0.000000 0.000000
1880.062652 0.000000 0.000000
1880.467969 0.000000 0.000000
1880.743821 0.000000 0.000000
1881.476386 0.000000 0.000000
1891.922069 0.000000 0.000000
1901.870849 0.000000 0.000000
1910.679713 0.000000 0.000000
1911.283257 0.000000 0.000000
1918.499236 0.000000 0.000000
1923.531122 0.000000 0.000000
1925.466698 0.000000 0.000000
1926.750578 0.000000 0.000000
1933.894127 0.000000 0.000000
1934.076866 0.000000 0.000000
1934.618124 0.000000 0.000000
1936.450505 0.000000 0.000000
1947.665709 0.000000 0.000000
1962.349897 0.000000 0.000000
1973.173209 0.000000 0.000000
1977.021189 0.000000 0.000000
1978.544502 0.000000 0.000000
1979.146638 0.000000 0.000000
1990.727769 0.000000 0.000000
2003.021386 0.000000 0.000000
2007.427448 0.000000 0.000000
2013.932838 0.000000 0.000000
2023.290081 0.000000 0.000000
2024.235483 0.000000 0.000000
2030.003531 0.000000 0.000000
2031.300197 0.000000 0.000000
2037.028366 0.000000 0.000000
2039.313204 0.000000 0.000000
2039.499829 0.000000 0.000000
2045.912570 0.000000 0.000000
2045.915330 0.000000 0.000000
2053.329608 0.000000 0.000000
2070.679276 0.000000 0.000000
2073.606989 0.000000 0.000000
2078.018253 0.000000 0.000000
2079.748424 0.000000 0.000000
2087.295886 0.000000 0.000000
2102.320238 0.000000 0.000000
2110.280636 0.000000 0.000000
2115.604901 0.000000 0.000000
2125.284050 0.000000 0.000000
2127.086357 0.000000 0.000000
2136.553091 0.000000 0.000000
2139.570231 0.000000 0.000000
2141.125923 0.000000 0.000000
2144.379264 0.000000 0.000000
2144.430863 0.000000 0.000000
2149.234636 0.000000 0.000000
2149.246586 0.000000 0.000000
2161.088555 0.000000 0.000000
2181.104194 0.000000 0.000000
2183.119500 0.000000 0.000000
2187.337499 0.000000 0.000000
2199.377153 0.000000 0.000000
2215.556969 0.000000 0.000000
2225.533531 0.000000 0.000000
2226.753880 0.000000 0.000000
2229.934044 0.000000 0.000000
2240.822572 0.000000 0.000000
2247.231208 0.000000 0.000000
2248.471208 0.000000 0.000000
2249.234813 0.000000 0.000000
2253.035450 0.000000 0.000000
2253.233876 0.000000 0.000000
2259.886703 0.000000 0.000000
2271.270502 0.000000 0.000000
2293.714626 0.000000 0.000000
2300.007436 0.000000 0.000000
2308.289067 0.000000 0.000000
2313.249422 0.000000 0.000000
2330.117092 0.000000 0.000000
2330.410370 0.000000 0.000000
2344.432717 0.000000 0.000000
2351.884021 0.000000 0.000000
2352.968476 0.000000 0.000000
2355.675592 0.000000 0.000000
2357.778543 0.000000 0.000000
2358.151345 0.000000 0.000000
2384.104177 0.000000 0.000000
2394.855538 0.000000 0.000000
2408.607727 0.000000 0.000000
2428.341783 0.000000 0.000000
2433.885325 0.000000 0.000000
2435.976183 0.000000 0.000000
2446.074534 0.000000 0.000000
2448.026658 0.000000 0.000000
2455.108332 0.000000 0.000000
2456.486374 0.000000 0.000000
2461.752313 0.000000 0.000000
