Number of states: 450
Sparse Hamiltonian computation time: 0 seconds 0 milliseconds
Time to set up matrix: 0 seconds 0 milliseconds
Diagonalization time: 2 seconds 0 milliseconds
Vab = 400.000000
w = 100.000000
b = 0.800000
E    Isym    Iasym
-335.674759 0.000000 0.722580
-243.903315 0.004508 0.000000
-235.674759 0.000000 0.231226
-151.872745 0.000000 0.000818
-143.903315 0.001443 0.000000
-135.674759 0.000000 0.036996
-59.609700 0.000026 0.000000
-51.872745 0.000000 0.000262
-43.903315 0.000231 0.000000
-35.674759 0.000000 0.003946
32.863814 0.000000 0.000002
40.390300 0.000008 0.000000
48.127255 0.000000 0.000042
56.096686 0.000025 0.000000
64.325241 0.000000 0.000316
125.529310 0.000000 0.000000
132.863815 0.000000 0.000001
140.390301 0.000001 0.000000
148.127256 0.000000 0.000004
156.096686 0.000002 0.000000
164.325241 0.000000 0.000020
218.371040 0.000000 0.000000
225.529323 0.000000 0.000000
232.863845 0.000000 0.000000
240.390340 0.000000 0.000000
248.127285 0.000000 0.000000
256.096698 0.000000 0.000000
264.325244 0.000000 0.000001
311.375457 0.000000 0.000000
318.371242 0.000000 0.000000
325.529864 0.000000 0.000000
332.864682 0.000000 0.000000
340.391151 0.000000 0.000000
348.127779 0.000000 0.000000
356.096873 0.000000 0.000000
364.325271 0.000000 0.000000
404.531004 0.000000 0.000000
411.377718 0.000000 0.000000
418.377902 0.000000 0.000000
425.541634 0.000000 0.000000
432.878387 0.000000 0.000000
440.401945 0.000000 0.000000
448.133398 0.000000 0.000000
456.098639 0.000000 0.000000
464.325528 0.000000 0.000000
472.357810 0.721247 0.000000
497.829029 0.000000 0.000000
504.548776 0.000000 0.000000
511.432932 0.000000 0.000000
518.484224 0.000000 0.000000
525.682584 0.000000 0.000000
533.012264 0.000000 0.000000
540.493001 0.000000 0.000000
548.176048 0.000000 0.000000
556.111081 0.000000 0.000000
564.327243 0.000000 0.000000
572.357810 0.230799 0.000000
579.959208 0.000000 0.002746
591.268097 0.000000 0.000000
597.924527 0.000000 0.000000
604.843478 0.000000 0.000000
612.017699 0.000000 0.000000
619.328702 0.000000 0.000000
626.617417 0.000000 0.000000
633.807776 0.000000 0.000000
640.997292 0.000000 0.000000
648.400748 0.000000 0.000000
656.174380 0.000000 0.000000
664.335810 0.000000 0.000000
672.357810 0.036928 0.000000
679.959208 0.000000 0.000879
684.861926 0.000000 0.000000
687.371921 0.000367 0.000000
691.613624 0.000000 0.000000
698.904792 0.000000 0.000000
706.692258 0.000000 0.000000
714.724003 0.000000 0.000000
722.685110 0.000000 0.000000
730.247668 0.000000 0.000000
737.078785 0.000000 0.000000
743.202527 0.000000 0.000000
749.393711 0.000000 0.000000
756.443588 0.000000 0.000000
764.370928 0.000000 0.000000
772.357810 0.003939 0.000000
778.644671 0.000000 0.000000
779.959209 0.000000 0.000141
785.763606 0.000000 0.000000
787.371986 0.000117 0.000000
793.863669 0.000000 0.000000
794.610134 0.000000 0.000003
802.731088 0.000000 0.000000
811.931643 0.000000 0.000000
821.065791 0.000000 0.000000
829.817513 0.000000 0.000000
838.011299 0.000000 0.000000
845.697509 0.000000 0.000000
852.373992 0.000000 0.000000
855.699931 0.000000 0.000000
858.321782 0.000000 0.000000
864.532124 0.000000 0.000000
872.357810 0.000315 0.000000
872.666848 0.000000 0.000000
879.959204 0.000000 0.000015
880.520648 0.000000 0.000000
887.371698 0.000019 0.000000
889.864582 0.000000 0.000000
894.610130 0.000000 0.000001
900.154169 0.000000 0.000000
901.686795 0.000000 0.000000
910.765875 0.000000 0.000000
921.246644 0.000000 0.000000
931.294454 0.000000 0.000000
940.742090 0.000000 0.000000
949.231026 0.000000 0.000000
955.303857 0.000000 0.000000
959.290114 0.000000 0.000000
964.819452 0.000000 0.000000
966.994398 0.000000 0.000000
972.357810 0.000020 0.000000
976.032833 0.000000 0.000000
979.959210 0.000000 0.000001
986.685622 0.000000 0.000000
986.685901 0.000000 0.000000
987.032337 0.000000 0.000000
987.371813 0.000002 0.000000
994.610151 0.000000 0.000000
999.007693 0.000000 0.000000
1001.686841 0.000000 0.000000
1008.612996 0.000000 0.000000
1011.188876 0.000000 0.000000
1023.102673 0.000000 0.000000
1034.444624 0.000000 0.000000
1044.857155 0.000000 0.000000
1053.311335 0.000000 0.000000
1059.194468 0.000000 0.000000
1061.717448 0.000000 0.000000
1065.020403 0.000000 0.000000
1072.357810 0.000001 0.000000
1072.482484 0.000000 0.000000
1079.959208 0.000000 0.000000
1085.453721 0.000000 0.000000
1085.458100 0.000000 0.000000
1085.531835 0.000000 0.000000
1087.371910 0.000000 0.000000
1094.610070 0.000000 0.000000
1099.409565 0.000000 0.000000
1101.686782 0.000000 0.000000
1108.613032 0.000000 0.000000
1113.276928 0.000000 0.000000
1115.398657 0.000000 0.000000
1126.664273 0.000000 0.000000
1139.171394 0.000000 0.000000
1149.966318 0.000000 0.000000
1151.828387 0.000000 0.000000
1151.829806 0.000000 0.000000
1156.974914 0.000000 0.000000
1158.075536 0.000000 0.000000
1164.918423 0.000000 0.000000
1170.115941 0.000000 0.000000
1172.357811 0.000000 0.000000
1179.959214 0.000000 0.000000
1184.202517 0.000000 0.000000
1184.223687 0.000000 0.000000
1185.582447 0.000000 0.000000
1187.371813 0.000000 0.000000
1194.610143 0.000000 0.000000
1201.540340 0.000000 0.000000
1201.687532 0.000000 0.000000
1208.612962 0.000000 0.000000
1215.398672 0.000000 0.000000
1217.174628 0.000000 0.000000
1222.052532 0.000000 0.000000
1231.993495 0.000000 0.000000
1245.266963 0.000000 0.000000
1249.924951 0.000000 0.000000
1249.927926 0.000000 0.000000
1252.996897 0.000000 0.000000
1255.882135 0.000000 0.000000
1264.356562 0.000000 0.000000
1269.265396 0.000000 0.000000
1272.357810 0.000000 0.000000
1279.959209 0.000000 0.000000
1282.907735 0.000000 0.000000
1282.998510 0.000000 0.000000
1287.371033 0.000000 0.000000
1287.467898 0.000000 0.000000
1294.610083 0.000000 0.000000
1301.686802 0.000000 0.000000
1305.635537 0.000000 0.000000
1308.613007 0.000000 0.000000
1315.398595 0.000000 0.000000
1322.052556 0.000000 0.000000
1323.055324 0.000000 0.000000
1328.582551 0.000000 0.000000
1339.052221 0.000000 0.000000
1347.995175 0.000000 0.000000
1348.002105 0.000000 0.000000
1350.186586 0.000000 0.000000
1352.478644 0.000000 0.000000
1363.170117 0.000000 0.000000
1370.353958 0.000000 0.000000
1372.357810 0.000000 0.000000
1379.959211 0.000000 0.000000
1381.523256 0.000000 0.000000
1381.819638 0.000000 0.000000
1387.371794 0.000000 0.000000
1391.519079 0.000000 0.000000
1394.610145 0.000000 0.000000
1401.686740 0.000000 0.000000
1408.612989 0.000000 0.000000
1411.965308 0.000000 0.000000
1415.398638 0.000000 0.000000
1422.052498 0.000000 0.000000
1428.582562 0.000000 0.000000
1431.040911 0.000000 0.000000
1434.995810 0.000000 0.000000
1446.017963 0.000000 0.000000
1446.052508 0.000000 0.000000
1447.666206 0.000000 0.000000
1449.241838 0.000000 0.000000
1461.132618 0.000000 0.000000
1472.357807 0.000000 0.000000
1473.886909 0.000000 0.000000
1479.957818 0.000000 0.000000
1479.959162 0.000000 0.000000
1480.755309 0.000000 0.000000
1487.371575 0.000000 0.000000
1494.609447 0.000000 0.000000
1498.120057 0.000000 0.000000
1501.685727 0.000000 0.000000
1508.611742 0.000000 0.000000
1515.397772 0.000000 0.000000
1520.806232 0.000000 0.000000
1522.052202 0.000000 0.000000
1528.582462 0.000000 0.000000
1534.995772 0.000000 0.000000
1541.039651 0.000000 0.000000
1541.299032 0.000000 0.000000
1544.078828 0.000000 0.000000
1544.115048 0.000000 0.000000
1551.285726 0.000000 0.000000
1557.955501 0.000000 0.000000
1572.358048 0.000000 0.000000
1578.056203 0.000000 0.000000
1579.891380 0.000000 0.000000
1579.962510 0.000000 0.000000
1580.477488 0.000000 0.000000
1587.389879 0.000000 0.000000
1594.669744 0.000000 0.000000
1601.814278 0.000000 0.000000
1607.718431 0.000000 0.000000
1608.799758 0.000000 0.000000
1615.589666 0.000000 0.000000
1622.189918 0.000000 0.000000
1628.650700 0.000000 0.000000
1632.299718 0.000000 0.000000
1635.018173 0.000000 0.000000
1641.302826 0.000000 0.000000
1642.079518 0.000000 0.000000
1642.104422 0.000000 0.000000
1647.497531 0.000000 0.000000
1653.269447 0.000000 0.000000
1658.155238 0.000000 0.000000
1672.365409 0.000000 0.000000
1675.574155 0.000000 0.000000
1679.324531 0.000000 0.000000
1680.037669 0.000000 0.000000
1687.735183 0.000000 0.000000
1691.069977 0.000000 0.000000
1695.640820 0.000000 0.000000
1703.760604 0.000000 0.000000
1711.847151 0.000000 0.000000
1719.480770 0.000000 0.000000
1720.861093 0.000000 0.000000
1726.158166 0.000000 0.000000
1731.611600 0.000000 0.000000
1736.472316 0.000000 0.000000
1740.046021 0.000000 0.000000
1740.079901 0.000000 0.000000
1741.738762 0.000000 0.000000
1746.750752 0.000000 0.000000
1747.575215 0.000000 0.000000
1753.602924 0.000000 0.000000
1772.189844 0.000000 0.000000
1772.226095 0.000000 0.000000
1772.407809 0.000000 0.000000
1779.229396 0.000000 0.000000
1780.365764 0.000000 0.000000
1788.878295 0.000000 0.000000
1798.154798 0.000000 0.000000
1807.307667 0.000000 0.000000
1807.900534 0.000000 0.000000
1817.540888 0.000000 0.000000
1826.531509 0.000000 0.000000
1834.499979 0.000000 0.000000
1837.657963 0.000000 0.000000
1838.036459 0.000000 0.000000
1839.015340 0.000000 0.000000
1841.403727 0.000000 0.000000
1847.620865 0.000000 0.000000
1853.626264 0.000000 0.000000
1859.602156 0.000000 0.000000
1867.909484 0.000000 0.000000
1872.540495 0.000000 0.000000
1873.513607 0.000000 0.000000
1873.515907 0.000000 0.000000
1880.177828 0.000000 0.000000
1881.175242 0.000000 0.000000
1891.137469 0.000000 0.000000
1896.093030 0.000000 0.000000
1902.314489 0.000000 0.000000
1913.910374 0.000000 0.000000
1925.093278 0.000000 0.000000
1931.607843 0.000000 0.000000
1935.314031 0.000000 0.000000
1936.131193 0.000000 0.000000
1936.498308 0.000000 0.000000
1944.334367 0.000000 0.000000
1952.197825 0.000000 0.000000
1959.134617 0.000000 0.000000
1964.660360 0.000000 0.000000
1965.445314 0.000000 0.000000
1972.849545 0.000000 0.000000
1978.287510 0.000000 0.000000
1978.299063 0.000000 0.000000
1982.702348 0.000000 0.000000
1984.029658 0.000000 0.000000
1994.742119 0.000000 0.000000
2008.176221 0.000000 0.000000
2021.670531 0.000000 0.000000
2032.086434 0.000000 0.000000
2034.283168 0.000000 0.000000
2035.531962 0.000000 0.000000
2036.575251 0.000000 0.000000
2045.572831 0.000000 0.000000
2055.431439 0.000000 0.000000
2063.865542 0.000000 0.000000
2067.733155 0.000000 0.000000
2070.972813 0.000000 0.000000
2073.439328 0.000000 0.000000
2082.861267 0.000000 0.000000
2082.900114 0.000000 0.000000
2085.236289 0.000000 0.000000
2088.241880 0.000000 0.000000
2088.243877 0.000000 0.000000
2094.341874 0.000000 0.000000
2099.946452 0.000000 0.000000
2115.858578 0.000000 0.000000
2131.176047 0.000000 0.000000
2140.160016 0.000000 0.000000
2143.032059 0.000000 0.000000
2145.053252 0.000000 0.000000
2157.236437 0.000000 0.000000
2167.639962 0.000000 0.000000
2174.442723 0.000000 0.000000
2176.114739 0.000000 0.000000
2182.778267 0.000000 0.000000
2187.072022 0.000000 0.000000
2187.267650 0.000000 0.000000
2189.110906 0.000000 0.000000
2191.405701 0.000000 0.000000
2191.426264 0.000000 0.000000
2207.066907 0.000000 0.000000
2215.244143 0.000000 0.000000
2225.510595 0.000000 0.000000
2242.462853 0.000000 0.000000
2256.239609 0.000000 0.000000
2257.423906 0.000000 0.000000
2262.608727 0.000000 0.000000
2270.207155 0.000000 0.000000
2276.180230 0.000000 0.000000
2280.625487 0.000000 0.000000
2291.036287 0.000000 0.000000
2291.119756 0.000000 0.000000
2294.337740 0.000000 0.000000
2294.963208 0.000000 0.000000
2295.390855 0.000000 0.000000
2316.455619 0.000000 0.000000
2337.271591 0.000000 0.000000
2350.482832 0.000000 0.000000
2355.580721 0.000000 0.000000
2371.417226 0.000000 0.000000
2378.813118 0.000000 0.000000
2384.399821 0.000000 0.000000
2389.229835 0.000000 0.000000
2394.290905 0.000000 0.000000
2394.730637 0.000000 0.000000
2398.728219 0.000000 0.000000
2399.108529 0.000000 0.000000
2400.985685 0.000000 0.000000
2402.982750 0.000000 0.000000
2428.414340 0.000000 0.000000
2451.279460 0.000000 0.000000
2470.548394 0.000000 0.000000
2483.553211 0.000000 0.000000
2486.837148 0.000000 0.000000
2497.292344 0.000000 0.000000
2497.967502 0.000000 0.000000
2502.987589 0.000000 0.000000
