Number of states: 648
Sparse Hamiltonian computation time: 0.000000 seconds 0.000000 milliseconds
Diagonalization time: 10.000000 seconds 0.010000 milliseconds
 Solution method: krylovschur

E    Isym    Iasym
28.925210 0.000000 1.051395
37.373729 0.079564 0.000000
40.037603 0.000000 0.404449
47.061700 0.042625 0.000000
48.507754 0.000000 0.119514
49.367567 0.000000 0.146404
51.338304 0.013920 0.000000
52.599533 0.000000 0.028877
56.426899 0.000000 0.009236
57.870173 0.006870 0.000000
58.200264 0.002842 0.000000
58.704057 0.102495 0.000000
60.494137 0.000000 0.039516
60.565191 0.000000 0.050250
62.290589 0.020835 0.000000
64.873000 0.000000 0.009004
66.470041 0.000000 0.001908
67.632366 0.037713 0.000000
67.996810 0.000000 0.008151
68.976091 0.001643 0.000000
69.215955 0.000000 0.015823
69.839650 0.009034 0.000000
70.086634 0.000101 0.000000
70.338633 0.000000 0.001412
70.947743 0.002752 0.000000
71.409746 0.000000 0.003501
71.795784 0.000000 0.019310
72.240827 0.001889 0.000000
73.192376 0.000000 0.004965
75.281405 0.581015 0.000000
76.838921 0.229647 0.000000
77.238293 0.000000 0.000016
77.566833 0.000000 0.003542
78.775049 0.010728 0.000000
78.946874 0.009154 0.000000
79.172137 0.000000 0.004884
79.460886 0.019365 0.000000
80.083984 0.000000 0.000131
80.310177 0.000000 0.003480
80.404294 0.001916 0.000000
81.032871 0.000000 0.005380
81.704514 0.000000 0.000059
81.856011 0.000353 0.000000
81.895762 0.002465 0.000000
82.534825 0.000000 0.000617
82.638161 0.013325 0.000000
82.916456 0.000000 0.002148
83.488505 0.000000 0.000000
84.112762 0.001842 0.000000
84.736207 0.000000 0.000824
85.538704 0.000000 0.001805
86.626589 0.161490 0.000000
87.199778 0.275871 0.000000
87.239061 0.000000 0.009203
87.897276 0.000000 0.000008
88.180494 0.000000 0.002157
88.265292 0.000365 0.000000
88.608465 0.000000 0.000321
89.001997 0.000000 0.001052
89.537340 0.000077 0.000000
89.902083 0.000688 0.000000
90.201753 0.000000 0.000003
90.213205 0.008906 0.000000
90.568359 0.003656 0.000000
90.584276 0.000000 0.003189
91.392699 0.000000 0.000332
91.495263 0.006273 0.000000
92.037612 0.000000 0.000247
92.268891 0.000000 0.002147
92.772467 0.000348 0.000000
93.067438 0.000000 0.000584
93.413349 0.000000 0.000067
93.821566 0.001060 0.000000
95.156411 0.001081 0.000000
95.748778 0.102938 0.000000
96.706031 0.000000 0.008568
96.722781 0.005618 0.000000
96.889664 0.000000 0.000033
97.264516 0.004627 0.000000
97.354340 0.001047 0.000000
97.502550 0.000000 0.000099
98.053652 0.000000 0.000174
98.574403 0.000000 0.000250
98.587957 0.026122 0.000000
99.041610 0.000863 0.000000
99.260941 0.000000 0.000694
99.479863 0.000234 0.000000
99.723449 0.000958 0.000000
100.071180 0.004369 0.000000
100.242316 0.000000 0.000582
100.344076 0.000000 0.000039
100.616083 0.000705 0.000000
100.883189 0.009120 0.000000
100.893827 0.000000 0.000044
101.127948 0.000000 0.001026
101.408671 0.000125 0.000000
101.464214 0.000000 0.000030
101.933352 0.000187 0.000000
102.157929 0.000000 0.000283
102.393546 0.000460 0.000000
102.533559 0.000000 0.000101
102.611118 0.000000 0.000739
102.677817 0.000477 0.000000
103.031017 0.001094 0.000000
103.047823 0.000000 0.000005
103.305484 0.000000 0.000194
104.175719 0.023132 0.000000
104.403560 0.000000 0.000917
104.798308 0.001445 0.000000
105.098866 0.001308 0.000000
105.248630 0.000000 0.000242
105.452071 0.000000 0.000000
105.677695 0.035111 0.000000
106.702008 0.000000 0.003905
106.820585 0.047375 0.000000
107.656504 0.000000 0.001022
107.809046 0.002223 0.000000
107.980744 0.000000 0.000010
108.203114 0.005014 0.000000
108.665434 0.000000 0.009673
108.792977 0.000001 0.000000
109.008012 0.002141 0.000000
109.027980 0.000000 0.000000
109.267240 0.000092 0.000000
109.576320 0.000095 0.000000
109.690019 0.000000 0.000376
109.985230 0.000515 0.000000
110.132982 0.000000 0.000050
110.562561 0.000527 0.000000
111.043183 0.000000 0.000698
111.095161 0.000000 0.000219
111.219136 0.000000 0.000227
111.472662 0.000000 0.000345
111.486556 0.000227 0.000000
111.974826 0.000930 0.000000
112.004526 0.000000 0.000003
112.271431 0.000000 0.000027
112.576583 0.000001 0.000000
112.705805 0.001014 0.000000
112.839800 0.000000 0.000000
112.905386 0.000000 0.000080
113.622826 0.000000 0.000025
113.672474 0.001263 0.000000
113.934832 0.000034 0.000000
113.952412 0.000000 0.000108
114.317637 0.000000 0.000032
114.400685 0.001323 0.000000
114.532014 0.000000 0.000053
114.568422 0.000561 0.000000
114.837242 0.000000 0.000095
115.078349 0.000832 0.000000
115.216238 0.000000 0.000198
115.998638 0.000630 0.000000
116.246757 0.005513 0.000000
116.461839 0.017691 0.000000
116.810252 0.000000 0.000000
116.992541 0.001818 0.000000
117.319447 0.000000 0.000135
117.465834 0.000000 0.000213
117.707073 0.000000 0.000080
118.077068 0.009384 0.000000
118.424326 0.000892 0.000000
118.617673 0.000000 0.000000
119.161863 0.000000 0.004123
119.292032 0.000000 0.001821
119.426745 0.000474 0.000000
119.667774 0.000000 0.000064
119.833716 0.000000 0.000024
119.852519 0.000532 0.000000
120.154960 0.000000 0.000218
120.291161 0.000113 0.000000
120.529419 0.002523 0.000000
120.669827 0.000186 0.000000
120.863446 0.000081 0.000000
120.991523 0.000000 0.000001
121.443525 0.000000 0.000203
121.590647 0.000593 0.000000
121.794473 0.000051 0.000000
121.854317 0.000000 0.000020
121.859759 0.000126 0.000000
122.124680 0.000000 0.000169
122.374073 0.000006 0.000000
122.625525 0.000000 0.000030
122.782666 0.000106 0.000000
123.392302 0.000000 0.000098
123.529010 0.000106 0.000000
123.555795 0.000000 0.000002
123.606965 0.000283 0.000000
123.762735 0.000000 0.000031
123.915068 0.000739 0.000000
124.068281 0.000000 0.000035
124.266497 0.000640 0.000000
124.389492 0.000000 0.000010
124.431073 0.000000 0.000112
124.807846 0.000255 0.000000
125.438618 0.000356 0.000000
125.460782 0.000000 0.000176
125.787128 0.000067 0.000000
125.852922 0.005093 0.000000
125.938812 0.000000 0.000049
126.799555 0.000000 0.000117
127.008294 0.000814 0.000000
127.290385 0.000000 0.000014
127.521599 0.000018 0.000000
127.811327 0.001223 0.000000
127.855185 0.000000 0.001507
127.927234 0.000000 0.000050
127.944202 0.000312 0.000000
128.124453 0.002681 0.000000
128.263306 0.000000 0.000012
128.423184 0.000000 0.000124
128.617396 0.000318 0.000000
128.872956 0.000000 0.000030
129.139153 0.000000 0.000069
129.448084 0.000000 0.000000
129.571732 0.000000 0.000068
129.750161 0.000137 0.000000
129.791404 0.000000 0.000107
130.033892 0.000068 0.000000
130.401287 0.000219 0.000000
130.441601 0.000000 0.000014
130.682091 0.000783 0.000000
130.813626 0.000041 0.000000
130.829904 0.000000 0.000513
131.245259 0.000000 0.000005
131.413340 0.000000 0.000027
131.432015 0.000028 0.000000
131.705430 0.000429 0.000000
131.892396 0.000000 0.000002
132.228865 0.000000 0.000014
132.341696 0.000000 0.000030
132.351585 0.000318 0.000000
132.694638 0.000046 0.000000
132.749553 0.000122 0.000000
132.895246 0.000000 0.000006
133.012337 0.000000 0.000000
133.066283 0.000022 0.000000
133.350743 0.000000 0.000005
133.397150 0.000038 0.000000
133.547199 0.000094 0.000000
133.554403 0.000000 0.000298
133.910742 0.000694 0.000000
134.203482 0.000000 0.000016
134.239999 0.000190 0.000000
134.523337 0.000000 0.000002
134.629351 0.000014 0.000000
134.728407 0.000000 0.000004
134.960082 0.000000 0.000010
135.097616 0.000000 0.000009
135.233212 0.000000 0.000000
135.540548 0.000027 0.000000
135.908822 0.000009 0.000000
135.929153 0.000000 0.000047
136.365044 0.002471 0.000000
136.474400 0.000000 0.000278
136.598946 0.000790 0.000000
137.226738 0.000002 0.000000
137.318366 0.000000 0.000001
137.452526 0.000005 0.000000
137.548931 0.000006 0.000000
137.677223 0.000000 0.000000
137.907066 0.000000 0.000017
138.227105 0.000005 0.000000
138.315261 0.000000 0.000189
138.858077 0.000197 0.000000
138.874233 0.000000 0.000348
139.045726 0.000234 0.000000
139.234704 0.000000 0.000452
139.552509 0.000003 0.000000
139.779981 0.000086 0.000000
140.284393 0.000293 0.000000
140.358753 0.000000 0.000069
140.397728 0.000037 0.000000
140.465309 0.000462 0.000000
140.480428 0.000000 0.000010
140.599237 0.000010 0.000000
140.810038 0.000000 0.000002
141.419463 0.000000 0.000000
141.603716 0.000000 0.000000
141.718297 0.000060 0.000000
141.767346 0.000000 0.000124
141.920453 0.000103 0.000000
141.994548 0.000000 0.000023
142.369022 0.000022 0.000000
142.384969 0.000000 0.000024
142.620377 0.000024 0.000000
142.803303 0.000000 0.000006
143.166164 0.000002 0.000000
143.436270 0.000240 0.000000
143.546131 0.000000 0.000001
143.689833 0.000137 0.000000
143.804857 0.000009 0.000000
143.872027 0.000000 0.000005
143.950965 0.000000 0.000000
144.321033 0.000000 0.000000
144.397391 0.000000 0.000008
144.736944 0.000000 0.000009
144.955122 0.000002 0.000000
144.965280 0.000000 0.000005
145.118224 0.000009 0.000000
145.313993 0.000000 0.000031
145.620458 0.000070 0.000000
145.778371 0.000000 0.000006
146.121961 0.000036 0.000000
146.136404 0.000000 0.000002
146.375833 0.000000 0.000033
146.509489 0.000150 0.000000
146.805845 0.000002 0.000000
146.965603 0.000000 0.000000
147.376239 0.000000 0.000000
147.536972 0.000000 0.000000
148.017993 0.000248 0.000000
148.266037 0.000005 0.000000
148.617789 0.000093 0.000000
148.689595 0.000120 0.000000
148.727313 0.000000 0.000001
148.779908 0.000007 0.000000
148.934813 0.000000 0.000001
148.961537 0.000001 0.000000
149.189624 0.000000 0.000000
149.248445 0.000000 0.000052
149.380487 0.000149 0.000000
149.420736 0.000000 0.000021
149.607866 0.000000 0.000051
149.879151 0.000000 0.000023
150.025920 0.000000 0.000000
150.376987 0.000000 0.000098
150.384437 0.000007 0.000000
150.506611 0.000015 0.000000
150.806311 0.000000 0.000018
150.957259 0.000126 0.000000
151.090695 0.000000 0.000010
151.192607 0.000000 0.000003
151.728402 0.000006 0.000000
151.797050 0.000000 0.000030
152.063627 0.000142 0.000000
152.324873 0.000000 0.000009
152.668427 0.000000 0.000000
152.736973 0.000000 0.000011
153.016179 0.000008 0.000000
153.128516 0.000000 0.000000
153.291992 0.000076 0.000000
153.377634 0.000000 0.000007
153.461719 0.000003 0.000000
153.536854 0.000000 0.000005
153.639160 0.000000 0.000000
153.653741 0.000000 0.000001
154.246931 0.000001 0.000000
154.434174 0.000000 0.000009
154.477830 0.000000 0.000009
154.570273 0.000002 0.000000
154.585842 0.000051 0.000000
154.719406 0.000029 0.000000
154.916237 0.000000 0.000008
155.096931 0.000030 0.000000
155.244647 0.000017 0.000000
155.301484 0.000000 0.000009
155.907938 0.000000 0.000001
156.033747 0.000000 0.000001
156.176426 0.000001 0.000000
156.421769 0.000000 0.000001
156.460280 0.000001 0.000000
156.676688 0.000028 0.000000
156.806465 0.000000 0.000001
156.882452 0.000000 0.000017
157.147807 0.000022 0.000000
157.202514 0.000000 0.000004
157.248789 0.000095 0.000000
157.652308 0.000000 0.000000
157.725818 0.000000 0.000021
157.777348 0.000035 0.000000
158.025474 0.000000 0.000017
158.030682 0.000017 0.000000
158.109683 0.000006 0.000000
158.932988 0.000000 0.000001
159.264115 0.000000 0.000000
159.431281 0.000001 0.000000
159.587119 0.000000 0.000000
159.689268 0.000005 0.000000
159.730857 0.000000 0.000001
160.108148 0.000000 0.000000
160.266266 0.000000 0.000002
160.349685 0.000007 0.000000
160.374418 0.000000 0.000007
160.499297 0.000000 0.000005
160.910137 0.000000 0.000027
160.910585 0.000003 0.000000
161.381034 0.000005 0.000000
161.506453 0.000020 0.000000
161.639610 0.000002 0.000000
161.724025 0.000003 0.000000
161.979804 0.000000 0.000011
162.093179 0.000019 0.000000
162.479180 0.000062 0.000000
162.482816 0.000000 0.000012
162.686916 0.000000 0.000000
162.792466 0.000023 0.000000
162.999947 0.000000 0.000004
163.436044 0.000005 0.000000
163.665724 0.000000 0.000011
163.672989 0.000021 0.000000
164.042047 0.000000 0.000013
164.239668 0.000020 0.000000
164.637385 0.000000 0.000002
164.663288 0.000015 0.000000
164.811363 0.000000 0.000009
164.992782 0.000000 0.000000
165.274845 0.000000 0.000000
165.288888 0.000000 0.000000
165.472982 0.000000 0.000000
165.846520 0.000005 0.000000
165.861197 0.000000 0.000001
165.929180 0.000000 0.000000
166.163283 0.000000 0.000001
166.267712 0.000000 0.000000
166.563293 0.000001 0.000000
166.778739 0.000000 0.000000
167.025179 0.000000 0.000000
167.149080 0.000000 0.000000
167.506749 0.000000 0.000000
167.607453 0.000000 0.000000
167.945836 0.000000 0.000003
168.154705 0.000008 0.000000
168.490901 0.000000 0.000001
168.712882 0.000001 0.000000
168.769271 0.000000 0.000000
169.135822 0.000003 0.000000
169.433159 0.000003 0.000000
169.521057 0.000000 0.000000
170.172568 0.000002 0.000000
170.326255 0.000000 0.000000
170.348140 0.000001 0.000000
170.538822 0.000000 0.000000
170.718124 0.000000 0.000001
170.907393 0.000001 0.000000
170.978639 0.000000 0.000000
171.099034 0.000000 0.000000
171.484769 0.000000 0.000000
171.710018 0.000000 0.000000
171.733775 0.000000 0.000000
171.780499 0.000000 0.000000
172.062170 0.000000 0.000000
172.195925 0.000001 0.000000
172.576093 0.000000 0.000001
172.831388 0.000000 0.000000
172.923007 0.000000 0.000000
173.141022 0.000001 0.000000
173.392688 0.000000 0.000000
173.855522 0.000005 0.000000
173.906602 0.000000 0.000001
174.047896 0.000000 0.000000
174.154003 0.000000 0.000000
174.264784 0.000000 0.000000
174.349993 0.000000 0.000002
174.502082 0.000000 0.000000
174.970169 0.000002 0.000000
175.098309 0.000000 0.000000
175.285968 0.000000 0.000000
175.818370 0.000000 0.000000
175.899309 0.000000 0.000000
176.208370 0.000000 0.000000
176.493651 0.000001 0.000000
176.591965 0.000001 0.000000
176.697876 0.000000 0.000000
176.815032 0.000000 0.000000
176.916250 0.000001 0.000000
176.969752 0.000000 0.000000
177.374548 0.000000 0.000000
177.676682 0.000001 0.000000
178.056519 0.000000 0.000000
178.075154 0.000001 0.000000
178.468630 0.000001 0.000000
178.941697 0.000001 0.000000
179.019424 0.000000 0.000000
179.351225 0.000000 0.000000
179.361051 0.000000 0.000000
179.498645 0.000002 0.000000
179.554722 0.000000 0.000001
179.795757 0.000000 0.000000
180.014780 0.000000 0.000000
180.333926 0.000001 0.000000
180.414768 0.000000 0.000000
180.507735 0.000000 0.000000
181.126145 0.000003 0.000000
181.343300 0.000000 0.000001
181.598212 0.000000 0.000000
181.630417 0.000000 0.000000
181.744201 0.000000 0.000003
181.771623 0.000003 0.000000
181.933318 0.000000 0.000000
182.273892 0.000014 0.000000
182.398373 0.000000 0.000004
182.681688 0.000000 0.000002
182.742578 0.000000 0.000000
183.222630 0.000000 0.000000
183.446236 0.000000 0.000000
183.960523 0.000000 0.000000
184.143642 0.000000 0.000000
184.357749 0.000000 0.000000
184.572680 0.000000 0.000000
184.944290 0.000000 0.000000
184.991691 0.000000 0.000000
185.224784 0.000000 0.000000
185.257596 0.000000 0.000000
185.590257 0.000000 0.000000
185.742958 0.000000 0.000000
185.815186 0.000000 0.000000
186.250541 0.000000 0.000000
186.486411 0.000000 0.000000
186.595799 0.000000 0.000000
186.760890 0.000000 0.000000
187.284679 0.000000 0.000000
187.451361 0.000000 0.000000
187.838619 0.000000 0.000000
187.895732 0.000000 0.000000
188.176268 0.000000 0.000000
188.328997 0.000000 0.000000
188.814357 0.000000 0.000000
189.252699 0.000000 0.000000
189.304940 0.000000 0.000000
189.538184 0.000000 0.000000
189.873815 0.000000 0.000000
189.960050 0.000000 0.000000
190.355278 0.000000 0.000000
190.623588 0.000000 0.000000
190.752273 0.000000 0.000000
190.850347 0.000000 0.000000
191.047851 0.000000 0.000000
191.591136 0.000000 0.000000
191.932125 0.000000 0.000000
192.658980 0.000000 0.000000
192.910930 0.000000 0.000000
192.931388 0.000000 0.000000
193.027327 0.000000 0.000000
193.632445 0.000000 0.000000
193.719199 0.000000 0.000000
193.724176 0.000000 0.000000
193.944160 0.000000 0.000000
194.327601 0.000000 0.000000
194.977603 0.000000 0.000000
195.395400 0.000000 0.000000
195.541550 0.000000 0.000000
195.825095 0.000000 0.000000
196.232925 0.000000 0.000000
196.312846 0.000000 0.000000
196.558446 0.000000 0.000000
197.078097 0.000000 0.000000
197.322110 0.000000 0.000000
198.070796 0.000000 0.000000
198.217968 0.000000 0.000000
198.293196 0.000000 0.000000
198.464421 0.000000 0.000000
198.754274 0.000000 0.000000
198.917658 0.000000 0.000000
199.471149 0.000000 0.000000
199.777077 0.000000 0.000000
200.435169 0.000000 0.000000
200.622464 0.000000 0.000000
200.978774 0.000000 0.000000
201.077684 0.000000 0.000000
201.191728 0.000000 0.000000
201.361445 0.000000 0.000000
202.136536 0.000000 0.000000
202.330749 0.000000 0.000000
202.489412 0.000000 0.000000
202.960901 0.000000 0.000000
203.064303 0.000000 0.000000
203.344334 0.000000 0.000000
203.627729 0.000000 0.000000
203.817575 0.000000 0.000000
204.210496 0.000000 0.000000
204.312350 0.000000 0.000000
205.061015 0.000000 0.000000
205.167987 0.000000 0.000000
205.721630 0.000000 0.000000
205.731280 0.000000 0.000000
206.026759 0.000000 0.000000
206.301919 0.000000 0.000000
206.547548 0.000000 0.000000
206.804910 0.000000 0.000000
207.214643 0.000000 0.000000
207.876160 0.000000 0.000000
208.618716 0.000000 0.000000
208.815787 0.000000 0.000000
209.146180 0.000000 0.000000
209.462434 0.000000 0.000000
209.771129 0.000000 0.000000
210.887489 0.000000 0.000000
211.244537 0.000000 0.000000
211.561471 0.000000 0.000000
211.594144 0.000000 0.000000
211.739297 0.000000 0.000000
212.215905 0.000000 0.000000
212.493473 0.000000 0.000000
212.497508 0.000000 0.000000
213.370658 0.000000 0.000000
213.844218 0.000000 0.000000
214.261464 0.000000 0.000000
214.563032 0.000000 0.000000
215.721691 0.000000 0.000000
