Number of states: 30
Sparse Hamiltonian computation time: 0 seconds 0 milliseconds
Time to set up matrix: 0 seconds 0 milliseconds
Diagonalization time: 0 seconds 0 milliseconds
Vab = 300.000000
w+ = 100.000000
w- = 100.000000
b+ = 1.000000
b- = 0.800000
E    Isym    Iasym
-314.000000 0.000000 0.527292
-214.000000 0.000000 0.337467
-114.000000 0.000000 0.107989
-13.999998 0.000000 0.023038
86.000084 0.000000 0.003686
186.002345 0.000000 0.000472
250.000000 0.367879 0.000000
286.042301 0.000000 0.000050
350.000000 0.367879 0.000000
386.478221 0.000000 0.000005
450.000005 0.183940 0.000000
489.261092 0.000000 0.000000
550.000222 0.061314 0.000000
599.566085 0.000000 0.000000
650.005608 0.015330 0.000000
724.020909 0.000000 0.000000
750.087659 0.003068 0.000000
850.838711 0.000511 0.000000
867.919654 0.000000 0.000000
954.826210 0.000071 0.000000
1036.672435 0.000000 0.000000
1067.406785 0.000007 0.000000
1194.051081 0.000001 0.000000
1240.048981 0.000000 0.000000
1338.410587 0.000000 0.000000
1503.844715 0.000000 0.000000
1503.987892 0.000000 0.000000
1695.717298 0.000000 0.000000
1924.846159 0.000000 0.000000
2219.964957 0.000000 0.000000
