Number of states: 40
Sparse Hamiltonian computation time: 0 seconds 0 milliseconds
Time to set up matrix: 0 seconds 0 milliseconds
Diagonalization time: 0 seconds 0 milliseconds
Vab = 300.000000
w+ = 100.000000
w- = 100.000000
b+ = 1.200000
b- = 0.800000
E    Isym    Iasym
-314.000000 0.000000 0.527292
-214.000000 0.000000 0.337467
-114.000000 0.000000 0.107989
-14.000000 0.000000 0.023038
86.000000 0.000000 0.003686
186.000000 0.000000 0.000472
206.000000 0.236928 0.000000
286.000000 0.000000 0.000050
306.000000 0.341176 0.000000
386.000012 0.000000 0.000005
406.000000 0.245647 0.000000
486.000298 0.000000 0.000000
506.000000 0.117910 0.000000
586.005435 0.000000 0.000000
606.000013 0.042448 0.000000
686.069852 0.000000 0.000000
706.000316 0.012225 0.000000
786.609839 0.000000 0.000000
806.005523 0.002934 0.000000
889.473490 0.000000 0.000000
906.066892 0.000604 0.000000
998.969031 0.000000 0.000000
1006.550037 0.000109 0.000000
1108.995079 0.000017 0.000000
1120.276399 0.000000 0.000000
1216.898219 0.000002 0.000000
1257.319183 0.000000 0.000000
1334.368316 0.000000 0.000000
1413.531608 0.000000 0.000000
1464.135475 0.000000 0.000000
1594.010955 0.000000 0.000000
1607.745648 0.000000 0.000000
1766.685236 0.000000 0.000000
1808.864892 0.000000 0.000000
1943.154670 0.000000 0.000000
2084.869005 0.000000 0.000000
2140.746126 0.000000 0.000000
2365.695931 0.000000 0.000000
2630.290703 0.000000 0.000000
2966.661817 0.000000 0.000000
