Number of states: 30
Sparse Hamiltonian computation time: 0 seconds 0 milliseconds
Time to set up matrix: 0 seconds 0 milliseconds
Diagonalization time: 0 seconds 0 milliseconds
Vab = 300.000000
w+ = 100.000000
w- = 150.000000
b+ = 0.800000
b- = 0.800000
E    Isym    Iasym
-321.000000 0.000000 0.527292
-171.000000 0.000000 0.337467
-21.000000 0.000000 0.107989
129.000003 0.000000 0.023038
279.000125 0.000000 0.003686
286.000000 0.527292 0.000000
386.000000 0.337467 0.000000
429.003517 0.000000 0.000472
486.000000 0.107989 0.000000
579.063452 0.000000 0.000050
586.000002 0.023038 0.000000
686.000084 0.003686 0.000000
729.717332 0.000000 0.000005
786.002345 0.000472 0.000000
883.891638 0.000000 0.000000
886.042301 0.000050 0.000000
986.478221 0.000005 0.000000
1049.349128 0.000000 0.000000
1089.261092 0.000000 0.000000
1199.566085 0.000000 0.000000
1236.031364 0.000000 0.000000
1324.020909 0.000000 0.000000
1451.879480 0.000000 0.000000
1467.919654 0.000000 0.000000
1636.672435 0.000000 0.000000
1705.008652 0.000000 0.000000
1840.048981 0.000000 0.000000
2010.073471 0.000000 0.000000
2103.987892 0.000000 0.000000
2405.981838 0.000000 0.000000
