Number of states: 30
Sparse Hamiltonian computation time: 0 seconds 0 milliseconds
Time to set up matrix: 0 seconds 0 milliseconds
Diagonalization time: 0 seconds 0 milliseconds
Vab = 300.000000
w+ = 100.000000
w- = 200.000000
b+ = 0.800000
b- = 0.800000
E    Isym    Iasym
-328.000000 0.000000 0.527292
-128.000000 0.000000 0.337467
72.000000 0.000000 0.107989
272.000004 0.000000 0.023038
286.000000 0.527292 0.000000
386.000000 0.337467 0.000000
472.000167 0.000000 0.003686
486.000000 0.107989 0.000000
586.000002 0.023038 0.000000
672.004690 0.000000 0.000472
686.000084 0.003686 0.000000
786.002345 0.000472 0.000000
872.084602 0.000000 0.000050
886.042301 0.000050 0.000000
986.478221 0.000005 0.000000
1072.956442 0.000000 0.000005
1089.261092 0.000000 0.000000
1199.566085 0.000000 0.000000
1278.522184 0.000000 0.000000
1324.020909 0.000000 0.000000
1467.919654 0.000000 0.000000
1499.132170 0.000000 0.000000
1636.672435 0.000000 0.000000
1748.041818 0.000000 0.000000
1840.048981 0.000000 0.000000
2035.839307 0.000000 0.000000
2103.987892 0.000000 0.000000
2373.344869 0.000000 0.000000
2780.097961 0.000000 0.000000
3307.975785 0.000000 0.000000
